460 169
309 698
483 443
161 735
34 115
344 72
422 589
268 484
369 258
463 663
382 7
328 508
76 720
357 720
377 36
251 222
207 317
79 226
116 144
32 311
420 720
217 129
188 109
244 163
93 488
431 37
252 528
230 318
103 593
408 500
281 2
480 61
484 545
262 536
99 50
445 60
450 564
276 551
195 625
190 311
205 42
127 67
404 553
105 661
435 362
278 509
11 62
85 741
43 366
217 502
142 497
388 68
355 520
353 141
235 89
297 575
18 391
454 43
380 400
371 271
275 632
387 523
37 239
250 254
287 320
322 300
434 425
227 462
483 78
157 546
28 563
52 226
332 366
269 198
279 640
89 305
227 471
295 527
135 4
359 730
287 600
482 132
367 83
313 145
289 677
446 540
293 587
116 439
53 377
287 634
401 713
239 651
3 153
445 439
448 291
34 49
431 291
25 409
366 454
213 121
146 100
117 710
477 591
252 422
366 625
326 411
476 728
361 680
439 656
291 392
20 370
456 495
66 176
56 532
326 214
81 220
334 139
330 354
63 686
431 476
480 142
279 208
387 740
389 407
475 87
244 604
13 609
289 16
350 515
333 133
473 367
381 617
100 254
367 472
32 20
440 453
319 683
131 468
122 240
455 705
417 26
176 684
293 287
177 21
472 19
133 56
41 616
126 506
188 310
223 302
458 226
280 476
107 379
125 123
218 560
313 32
208 534
76 78
355 178
34 724
483 187
396 46
377 514
153 110
367 392
345 361
46 663
67 565
254 13
381 145
245 91
317 719
231 199
159 227
363 593
205 225
94 69
162 267
147 234
363 381
253 515
418 317
199 552
137 326
142 324
155 68
34 407
140 241
247 189
378 422
178 558
425 7
20 661
457 470
270 117
68 727
170 104
148 242
198 220
267 341
12 609
321 257
175 521
85 279
168 467
354 561
1 698
12 512
314 299
417 134
314 214
439 421
417 587
393 174
154 287
147 225
205 251
30 205
369 126
318 681
259 139
142 385
69 210
445 289
285 81
12 631
34 546
335 541
337 527
93 202
102 714
302 297
304 729
219 98
375 314
196 505
57 387
303 250
43 710
393 384
227 393
125 243
52 727
51 113
73 175
171 132
118 85
220 584
188 329
272 328
294 229
333 421
68 484
133 426
286 402
100 443
269 569
140 600
264 209
180 553
451 699
318 640
211 232
320 273
207 141
210 168
434 454
436 45
35 10
256 465
175 540
466 378
456 504
206 458
473 412
243 184
468 54
324 340
155 658
343 251
74 460
111 50
139 178
241 596
301 432
319 511
295 557
250 67
415 163
134 165
287 447
327 592
263 215
106 519
130 543
124 204
308 364
146 136
189 449
43 657
334 181
50 698
21 23
467 68
474 251
265 474
98 726
248 345
406 341
426 47
365 310
141 302
1 417
419 639
344 198
261 131
104 330
111 167
58 688
357 632
113 334
132 213
386 312
319 318
388 334
395 509
366 56
462 31
194 275
282 11
137 706
61 625
3 188
107 632
437 735
201 525
22 720
146 339
472 412
231 692
191 701
370 704
261 254
320 122
82 255
310 380
429 44
83 154
242 701
365 560
284 460
172 500
97 27
326 600
47 555
418 673
335 619
400 419
466 658
269 468
414 434
119 267
320 259
9 156
290 52
97 137
162 739
56 509
314 538
394 623
406 274
101 192
95 117
232 44
326 634
232 121
379 238
432 434
174 588
445 171
25 88
407 59
94 176
417 525
209 401
368 619
450 619
191 388
395 393
429 354
279 425
192 251
127 452
1 137
279 191
293 127
292 659
127 424
436 576
47 529
71 110
206 401
41 727
390 15
180 697
208 61
18 723
429 64
7 58
348 728
324 31
321 505
343 705
462 167
36 104
60 642
75 633
247 564
71 368
187 638
457 468
433 355
4 551
85 125
284 422
318 154
51 583
234 449
220 741
5 371
114 110
189 634
35 712
250 620
236 687
376 176
340 228
286 593
365 70
327 201
372 133
133 552
306 381
447 73
222 532
12 111
480 204
405 419
414 240
95 172
458 221
399 224
217 586
220 496
195 407
466 697
317 282
347 163
208 418
439 140
131 580
42 570
20 146
177 481
43 709
482 349
21 231
316 134
69 688
400 142
339 50
155 570
373 554
302 130
480 590
333 506
182 637
17 323
187 84
120 89
238 432
256 110
255 666
464 466
402 401
290 14
268 383
82 487
461 156
306 738
260 18
462 664
461 575
399 592
25 534
477 179
181 504
400 84
333 294
273 59
482 387
408 596
339 436
1 547
338 454
353 138
62 541
291 2
3 167
175 93
82 568
450 341
227 256
422 524
231 16
202 624
355 732
127 248
265 141
373 411
352 597
359 718
146 300
105 349
453 718
107 739
69 473
130 318
346 523
175 190
134 692
46 107
234 372
31 634
318 71
472 159
332 51
280 8
316 46
200 310
344 232
313 96
345 86
286 171
394 442
463 227
278 524
398 384
210 626
254 606
67 416
16 581
214 382
219 357
437 642
142 608
170 283
432 404
214 610
109 560
249 113
363 358
87 496
285 179
151 489
14 505
49 190
105 277
94 440
73 479
203 200
234 29
344 5
259 108
195 176
117 358
203 227
189 154
302 371
244 64
230 703
135 506
89 235
2 182
218 240
205 167
286 184
105 557
217 447
407 469
198 143
368 146
179 677
435 407
188 118
398 289
60 593
174 371
333 225
243 110
237 281
226 704
28 250
96 507
72 367
319 372
256 318
228 45
145 227
455 671
429 102
371 706
57 714
116 94
229 591
224 87
276 266
337 613
356 425
10 87
380 241
440 135
53 538
414 317
275 331
420 294
90 376
345 326
61 619
48 385
95 277
462 425
47 487
384 339
13 311
145 677
133 401
100 56
46 129
217 238
257 316
468 374
94 340
118 171
132 396
263 612
471 660
305 275
452 475
240 278
384 119
201 416
309 463
16 302
142 129
233 602
189 527
214 576
115 70
170 353
378 471
321 167
400 70
104 257
356 118
409 591
41 347
1 601
303 127
325 412
410 423
47 399
423 566
46 561
255 565
485 208
342 229
213 611
265 662
308 448
35 401
260 348
86 601
293 214
298 288
356 136
58 429
262 521
186 620
15 593
114 491
200 83
6 699
221 404
428 545
14 29
235 704
208 200
447 439
479 149
392 640
404 674
435 544
433 45
215 19
228 237
426 491
338 262
415 617
67 622
270 355
186 153
200 481
310 520
463 727
163 163
478 88
114 566
335 218
152 333
316 127
325 177
131 144
276 619
357 313
1 172
133 353
232 689
332 255
273 426
205 735
218 513
260 344
294 82
234 649
392 204
373 55
482 275
404 360
78 522
351 558
70 578
54 140
388 381
161 526
428 192
358 210
413 278
275 460
475 220
378 58
388 641
431 245
104 299
393 21
116 610
86 454
382 538
150 36
391 603
288 267
478 618
375 668
75 96
352 201
106 330
107 403
400 132
378 51
300 525
282 308
435 636
409 353
260 493
91 24
225 736
337 204
260 217
444 207
354 366
297 713
347 368
6 463
242 119
397 611
289 229
107 503
314 442
390 138
354 72
205 358
16 70
165 525
463 640
26 312
294 572
253 438
322 598
207 14
420 263
25 294
464 520
314 389
457 454
150 308
396 38
365 659
404 571
474 290
175 733
154 4
173 734
59 22
397 634
50 367
163 413
170 182
253 704
141 48
329 731
474 649
388 184
378 662
267 78
65 408
138 464
419 666
218 141
379 560
407 98
404 602
234 443
12 523
221 367
305 435
456 675
30 506
453 167
468 137
425 444
333 109
182 570
274 419
248 114
321 232
346 343
483 449
258 186
142 486
192 209
107 91
282 426
93 280
74 357
119 565
355 646
396 312
312 380
430 346
432 492
314 146
17 281
438 234
6 691
306 374
250 413
461 116
246 149
306 54
266 167
150 252
307 456
128 127
353 605
216 256
282 687
364 404
462 617
354 357
179 293
410 484
439 195
433 213
103 453
251 427
404 190
361 373
393 299
15 174
201 378
380 535
457 456
291 531
410 510
282 378
310 730
424 149
153 268
205 515
367 509
191 112
110 685
280 309
379 449
67 171
69 495
60 668
266 647
28 455
302 361
152 175
261 61
90 170
287 127
82 373
130 165
209 723
246 545
254 579
142 439
166 178
12 314
420 723
464 666
158 95
418 736
128 249
398 151
62 727
400 406
121 384
198 83
151 527
462 204
13 40
45 35
430 573
352 680
187 568
36 428
162 240
64 264
8 477
405 702
258 398
465 98
342 600
386 722
453 654
140 650
213 724
433 157
191 100
80 410
185 150
61 89
143 311
81 504
138 49
357 126
227 316
480 586
243 365
439 273
275 659
179 314
267 287
485 510
108 700
139 306
377 472
415 165
411 227
256 190
447 649
406 438
355 536
260 233
391 79
296 296
9 730
235 478
401 333
79 231
118 133
421 497
281 234
298 90
354 174
183 562
256 287
372 6
219 110
67 675
464 692
49 468
141 87
284 575
403 386
344 158
208 354
167 227
141 524
113 89
295 618
77 318
409 424
60 277
257 725
116 513
485 543
33 319
95 160
426 544
365 232
482 655
331 16
368 260
454 298
185 406
348 695
204 251
145 341
23 740
407 159
425 664
231 194
449 192
99 237
333 156
449 686
345 653
174 729
47 218
484 658
411 483
25 520
430 532
314 377
312 542
275 573
397 97
474 630
359 266
172 701
357 454
169 415
180 550
250 367
475 229
341 543
354 721
146 276
363 199
114 431
133 428
393 309
68 96
152 504
183 59
108 83
434 406
150 194
71 21
157 302
25 591
24 438
149 300
459 13
30 415
326 633
226 425
193 402
26 265
52 552
442 266
263 675
235 42
306 16
228 486
33 78
89 730
154 176
211 377
100 128
174 616
105 202
413 47
274 60
98 243
143 447
149 97
278 90
95 81
210 440
273 417
41 366
461 558
290 545
279 327
112 314
57 272
100 334
273 497
217 454
232 300
443 266
197 701
309 195
24 683
204 538
6 567
160 357
474 353
145 97
41 419
243 440
286 243
427 723
168 382
135 374
376 174
215 257
340 357
155 569
254 656
258 282
457 634
75 152
284 462
33 212
449 239
455 719
170 248
168 221
427 339
395 572
404 387
66 260
289 420
308 214
39 336
251 688
145 651
240 602
358 0
189 340
443 303
473 617
52 204
219 180
343 704
240 232
438 442
475 352
176 641
351 40
139 226
188 300
205 231
202 241
310 621
356 505
134 536
220 710
90 461
483 320
389 58
212 33
330 518
144 4
23 2
391 167
14 41
132 98
295 517
196 383
254 523
390 685
296 657
28 702
313 222
190 492
18 530
257 394
226 467
162 673
339 22
376 405
27 275
171 625
145 595
155 122
160 318
411 160
148 377
361 49
220 242
368 81
152 305
435 289
460 53
26 517
101 48
220 159
67 629
177 553
204 90
387 298
249 105
413 275
255 712
185 736
161 158
335 236
384 477
426 573
443 36
40 193
461 390
315 287
90 260
291 92
398 348
179 386
202 264
276 334
384 337
233 387
80 305
378 304
29 260
251 309
184 89
389 528
159 318
219 546
248 566
433 500
274 549
395 57
40 254
101 739
146 504
177 433
0 106
466 302
343 351
96 213
163 230
11 115
465 504
295 547
9 712
334 541
390 538
163 587
293 618
404 688
231 72
394 190
215 676
251 119
21 375
396 483
225 590
317 89
282 86
248 201
414 217
365 167
414 83
416 626
423 131
126 212
423 478
367 265
33 10
279 556
379 462
11 413
201 417
219 84
169 388
59 721
399 125
352 267
337 397
68 249
308 703
234 374
470 303
455 370
210 218
210 556
262 319
57 398
286 29
138 650
194 543
140 77
268 164
463 309
416 622
117 608
154 508
82 469
54 683
261 216
388 397
285 482
152 275
112 315
458 428
36 47
375 399
18 140
233 193
4 520
371 610
387 672
63 724
36 258
117 481
315 330
112 459
481 685
124 424
151 685
21 116
40 258
162 197
164 509
239 597
44 713
398 432
327 412
436 318
183 139
103 609
134 557
236 324
277 542
70 357
361 200
372 538
332 724
453 655
204 672
280 673
294 24
216 415
271 446
117 681
311 481
344 470
141 460
461 703
67 304
432 293
295 397
455 217
327 97
21 432
38 122
99 398
443 8
474 467
29 214
195 607
429 680
483 566
147 619
458 77
303 679
330 208
60 332
399 250
275 254
110 498
23 468
476 234
277 421
170 254
299 469
461 250
48 583
422 59
370 337
70 372
366 122
131 310
354 411
82 357
99 559
48 39
162 406
110 40
460 524
227 444
151 316
67 589
315 342
461 222
194 403
76 2
17 549
53 703
57 648
167 556
131 635
304 298
110 539
248 481
334 687
201 107
126 634
215 367
89 308
28 639
184 685
42 533
357 496
323 134
285 366
25 65
288 330
289 212
404 372
266 46
165 406
292 634
312 38
13 321
215 201
350 159
208 346
356 715
414 194
360 667
1 347
425 347
46 351
147 118
0 129
39 64
208 91
421 132
1 585
129 100
87 522
54 371
208 78
316 12
420 158
298 587
208 161
470 718
407 293
94 304
390 421
168 645
335 597
56 695
251 358
372 594
450 147
203 672
462 270
218 102
22 181
288 525
300 647
11 328
52 709
198 240
156 710
433 248
114 201
14 74
374 73
241 732
145 299
89 200
332 334
255 645
324 439
129 155
277 4
12 9
237 317
298 570
272 643
159 375
55 158
272 518
121 388
100 248
26 733
68 185
406 368
334 41
367 708
190 621
180 105
354 562
17 217
170 560
105 230
388 109
406 73
23 282
143 29
72 112
52 443
182 445
60 495
391 668
113 213
128 685
404 83
37 244
447 531
107 69
102 18
450 221
202 572
159 736
353 650
104 735
391 216
261 422
268 336
284 514
421 374
421 201
386 709
268 466
309 658
308 725
90 384
160 303
115 564
404 618
469 713
98 35
325 296
439 709
260 717
30 186
415 672
427 669
194 512
165 456
126 289
231 65
93 738
451 199
159 520
288 88
328 484
163 245
341 534
299 724
370 264
189 703
280 720
190 576
470 173
125 347
368 672
431 568
270 17
284 173
97 426
199 568
372 209
12 345
34 332
240 565
27 13
163 20
438 595
130 173
386 499
226 540
100 54
363 379
395 433
433 246
250 714
413 569
314 614
133 510
418 626
142 488
49 246
242 645
0 195
57 249
168 232
17 693
103 269
231 616
471 50
240 570
369 543
126 309
331 54
13 113
368 129
429 634
168 112
130 672
298 462
383 532
361 137
215 611
261 549
86 377
472 264
350 435
376 662
58 734
167 205
12 62
328 159
179 576
66 226
323 411
381 121
467 187
434 34
428 234
83 446
205 522
122 654
185 159
485 356
24 424
83 262
168 184
263 433
137 490
306 580
117 715
251 1
304 310
192 565
95 530
344 134
221 15
348 588
65 311
45 568
349 115
127 352
458 338
280 621
341 500
206 62
476 353
103 108
325 523
40 623
219 570
432 180
457 409
401 145
52 113
286 120
114 565
13 131
452 576
306 165
434 444
115 24
330 434
253 631
222 413
61 654
452 456
376 83
281 41
244 730
363 538
131 205
183 489
228 560
309 444
31 483
21 170
479 247
184 453
37 17
398 651
278 318
54 636
457 301
108 242
328 653
96 680
111 476
460 187
391 18
97 45
30 600
77 522
334 391
374 568
90 193
69 126
34 697
432 730
70 239
300 212
154 498
476 467
421 169
78 207
5 454
289 32
256 202
235 221
449 315
127 480
260 132
142 521
274 164
180 488
247 553
27 305
199 551
153 164
325 313
290 207
268 8
105 407
72 562
101 265
88 377
106 276
386 32
48 323
396 391
168 621
427 292
400 357
313 554
205 593
106 741
168 385
459 605
214 88
96 100
232 562
147 367
466 395
412 726
422 122
309 739
292 475
210 455
353 229
97 398
145 259
303 476
262 405
343 321
136 52
96 344
136 511
138 144
349 281
68 66
186 632
440 494
370 474
201 741
19 589
445 513
368 560
47 336
339 340
199 600
389 167
434 534
342 461
348 232
403 561
196 369
270 365
245 604
205 737
328 87
25 98
405 467
251 146
156 195
413 178
460 55
210 146
319 86
153 710
44 113
329 290
276 685
304 229
176 348
119 203
64 495
365 653
172 30
31 11
373 396
381 57
49 369
397 701
257 226
220 324
289 408
376 651
77 134
31 644
284 516
283 498
47 87
20 158
209 103
63 176
226 296
164 322
332 572
247 430
332 34
372 441
317 546
135 528
167 516
81 511
346 206
22 466
2 72
474 460
141 400
363 34
86 70
31 563
174 553
275 435
165 619
13 435
37 315
192 432
329 416
222 697
61 495
287 672
50 682
139 625
448 289
328 218
352 112
166 291
133 482
242 31
138 619
110 409
24 398
260 269
479 593
173 166
69 2
144 162
218 453
102 111
404 81
251 284
395 650
15 523
155 440
239 316
319 14
323 151
289 97
159 388
362 489
89 653
60 138
417 704
454 89
40 243
414 269
259 103
325 89
485 75
283 650
81 98
23 199
316 594
234 723
10 62
187 294
85 101
439 253
433 266
448 649
422 522
369 241
257 111
366 110
101 710
277 686
39 331
387 126
147 20
227 624
35 99
38 702
336 26
75 561
119 62
432 290
378 283
348 178
88 160
147 70
90 22
174 329
365 566
102 201
175 604
392 131
193 221
59 103
391 541
78 370
99 572
128 145
185 76
85 521
63 40
39 195
358 399
61 457
307 529
474 34
275 463
75 583
204 328
384 588
31 124
441 580
233 310
67 730
390 301
386 735
313 380
427 257
157 107
448 126
364 421
219 438
48 215
144 132
90 552
358 152
233 227
468 179
284 298
482 677
477 535
256 564
147 194
293 7
238 644
453 302
364 571
289 135
197 56
411 31
396 664
335 451
321 93
63 113
360 194
167 555
246 550
145 623
53 737
382 647
80 274
411 463
98 123
378 281
356 39
34 56
96 6
371 505
279 502
479 500
9 285
354 570
112 0
270 29
56 270
27 657
334 469
400 274
17 219
122 285
162 77
73 551
76 233
450 7
454 574
163 710
310 146
67 544
238 364
62 542
370 634
172 151
177 176
302 503
436 32
32 191
35 143
76 692
92 243
96 718
6 690
204 392
418 705
252 313
449 657
385 612
223 645
101 206
161 596
163 512
359 382
349 460
17 316
74 24
34 652
455 69
38 57
86 487
479 657
124 156
107 509
59 720
402 162
457 279
200 224
201 67
127 735
234 535
295 627
348 288
453 715
230 126
409 535
143 407
29 475
335 17
466 614
475 548
128 542
334 64
398 359
235 328
89 240
235 654
325 305
457 540
330 618
29 91
267 499
290 442
449 729
246 706
295 80
387 146
273 540
77 201
22 472
431 405
160 589
192 81
64 554
19 399
420 389
60 371
424 699
462 196
223 48
69 716
363 301
171 630
403 532
339 164
423 650
446 185
201 108
158 666
200 86
368 28
320 733
430 129
377 289
220 343
234 11
306 42
220 408
317 72
427 334
453 599
168 547
98 195
90 25
170 234
41 250
229 205
87 381
389 472
477 443
405 663
397 177
168 671
56 498
56 476
471 585
292 359
183 187
13 363
392 323
85 7
451 107
467 473
343 1
340 278
354 281
319 394
286 733
322 226
261 505
97 724
417 212
147 556
481 16
190 544
118 216
313 278
396 607
378 119
226 715
256 81
13 231
473 503
302 624
186 583
458 104
20 58
333 154
80 688
443 76
389 660
40 76
52 169
193 243
334 18
187 343
215 347
39 464
142 216
469 421
212 266
471 385
470 298
71 102
356 172
54 566
16 244
477 413
59 702
32 635
126 727
238 642
355 211
246 636
310 336
11 49
421 416
216 595
198 570
424 642
154 515
403 687
24 374
411 687
231 24
166 570
230 266
91 218
67 365
428 693
66 66
80 494
285 294
374 466
137 606
68 726
331 496
467 157
330 579
80 617
126 566
292 382
379 197
400 461
313 26
277 673
285 289
357 81
449 125
193 8
247 259
65 441
333 369
349 30
305 578
59 39
147 675
50 105
289 297
120 338
285 545
212 40
37 465
309 36
119 316
351 73
360 15
212 140
253 523
139 433
294 379
188 403
337 157
15 43
144 565
81 495
280 133
273 58
93 696
344 179
458 534
231 417
369 299
414 480
463 358
146 119
362 118
114 593
167 61
326 609
323 586
445 318
69 316
485 424
446 166
376 311
6 182
374 615
464 441
66 548
466 607
7 452
415 19
477 557
160 288
207 373
103 326
4 706
431 588
355 59
85 90
306 109
388 411
220 346
191 494
263 104
34 313
420 641
247 581
453 285
7 717
138 140
257 290
234 437
87 569
248 731
153 124
10 413
295 34
292 317
125 133
279 48
338 432
198 693
310 501
108 484
200 688
148 157
463 348
122 457
295 192
59 692
448 115
299 560
124 388
322 578
289 445
388 331
338 342
97 273
452 480
363 231
213 640
452 221
117 82
190 82
375 391
240 719
91 61
134 499
154 336
113 674
418 298
93 401
149 144
49 42
112 421
169 326
11 38
66 682
288 509
381 191
286 347
23 679
380 150
190 320
138 286
197 181
276 117
309 224
358 645
88 344
416 498
192 333
197 301
109 20
267 719
271 565
375 735
201 676
103 367
9 145
313 398
128 196
97 3
68 159
255 510
235 455
280 20
203 6
111 578
102 245
134 138
137 72
242 576
408 287
88 558
141 320
395 232
477 158
413 353
342 660
373 81
171 6
439 562
325 652
467 538
267 222
343 399
120 614
263 601
353 102
477 621
112 166
126 326
242 188
3 409
32 730
1 0
158 105
153 668
55 353
435 737
401 276
362 54
51 312
122 291
411 613
42 493
122 165
339 406
392 287
129 236
434 493
476 62
150 143
309 550
273 146
311 442
353 613
4 496
10 502
4 354
267 687
172 281
375 267
213 425
457 671
291 558
464 344
263 291
187 690
351 93
117 237
334 388
255 35
427 518
40 407
310 288
59 567
294 385
24 23
284 619
326 477
20 561
373 517
22 624
210 147
120 47
356 641
87 31
375 223
381 711
397 607
55 705
373 171
449 386
21 495
272 114
356 418
410 373
104 386
74 379
64 278
9 583
465 248
4 400
423 239
46 65
419 162
110 443
35 155
114 109
365 397
333 168
99 517
429 378
40 659
209 668
114 210
330 559
342 587
436 73
185 521
53 483
119 17
411 716
450 578
86 663
190 244
469 128
396 33
262 101
288 690
355 434
344 17
43 38
418 354
58 309
405 500
49 321
80 29
52 522
211 687
150 173
388 586
123 179
392 74
246 552
118 58
26 404
337 179
248 516
98 349
267 370
271 228
197 474
100 141
348 132
236 590
191 22
180 653
204 371
43 602
119 83
243 616
430 308
284 307
199 421
403 631
241 657
256 349
383 348
453 301
159 521
268 34
281 63
190 327
44 28
425 235
281 563
468 513
444 395
47 20
22 146
255 434
194 683
352 575
225 103
349 654
213 34
218 363
32 16
468 208
23 716
483 94
287 100
53 628
185 463
277 477
140 220
229 432
9 390
294 85
387 68
455 598
36 66
139 228
225 226
312 45
138 403
120 629
389 2
206 569
153 169
321 37
110 686
279 179
89 169
45 482
162 452
314 399
93 616
102 376
301 537
373 144
354 160
333 592
439 634
7 276
300 199
257 335
200 724
343 40
190 520
120 42
379 107
176 253
101 106
445 355
422 185
380 499
288 463
188 362
307 402
433 395
451 410
202 734
335 614
178 564
182 385
428 159
27 551
212 723
224 238
230 200
310 660
191 468
192 524
345 169
203 491
110 494
12 499
96 500
425 244
351 442
423 75
61 390
384 507
382 603
175 552
323 407
120 504
206 657
131 480
129 680
409 97
235 168
212 432
57 180
14 676
404 653
313 705
216 64
102 568
95 290
207 130
6 675
369 513
33 85
186 722
230 663
468 517
84 513
192 276
406 726
200 42
119 575
330 438
277 412
484 151
284 10
83 175
171 736
27 25
456 609
434 156
159 350
38 10
37 512
441 685
213 673
344 121
124 595
427 268
2 54
354 304
397 236
342 282
304 362
86 679
338 602
54 552
453 310
48 645
425 187
172 190
347 679
33 452
374 213
104 200
389 400
431 112
431 320
436 358
385 724
437 386
186 39
418 426
42 163
361 519
323 444
237 669
150 197
238 425
45 213
18 555
15 665
441 251
469 92
149 375
179 248
259 323
324 68
293 232
135 124
345 634
289 682
33 349
131 509
332 281
79 513
413 396
60 210
434 299
295 55
239 446
292 35
453 8
71 492
340 321
405 83
220 568
20 508
76 260
90 212
405 394
134 526
8 217
113 696
367 235
373 360
74 214
397 38
52 564
370 598
403 250
401 173
381 653
214 520
195 30
327 704
189 405
337 371
63 390
415 624
348 706
434 512
446 102
237 66
98 93
390 336
254 666
195 239
314 341
185 368
318 217
258 358
248 179
148 615
31 403
205 609
27 3
72 441
194 482
189 529
159 354
246 134
418 350
90 57
23 241
268 445
60 445
189 382
70 328
256 383
51 523
445 491
364 634
362 394
321 179
432 658
379 606
485 244
153 655
287 388
100 131
217 194
34 699
310 176
279 406
343 109
381 598
56 662
392 408
320 728
236 586
173 252
25 376
251 474
369 574
424 557
351 158
315 615
25 404
423 318
22 333
13 394
181 272
91 310
204 421
468 285
144 205
458 649
2 356
478 14
269 367
177 484
442 239
223 397
69 83
150 450
365 335
359 703
248 558
209 257
289 448
34 531
73 215
337 151
109 218
58 298
74 665
299 610
258 180
309 396
363 670
401 203
0 82
107 326
396 511
8 608
248 248
84 76
209 61
313 94
287 27
479 512
267 321
236 82
366 98
105 29
15 683
41 614
12 189
86 575
72 655
149 13
330 729
294 414
161 429
100 646
318 598
79 674
36 574
386 514
8 606
224 425
183 520
92 141
397 368
82 508
303 503
216 13
70 421
270 369
395 105
292 681
323 579
378 445
66 373
408 187
322 698
95 435
297 365
63 673
123 619
440 287
292 267
397 541
219 183
123 606
134 556
149 109
346 697
109 92
12 358
414 220
289 465
360 169
118 123
347 128
181 627
167 101
235 647
25 457
339 165
404 506
447 95
329 13
427 281
380 251
115 476
256 575
222 181
58 99
134 482
33 295
184 263
108 472
183 586
41 395
437 358
278 102
117 478
369 366
396 459
305 372
463 297
16 738
467 124
176 720
473 392
157 274
188 314
161 225
372 370
112 723
261 567
396 64
310 622
48 187
446 233
161 463
120 106
12 59
473 693
218 409
123 630
458 31
392 93
45 469
282 500
284 668
226 357
392 320
321 380
76 485
153 171
411 477
186 16
397 596
81 247
324 272
38 608
328 293
394 628
1 738
190 713
58 425
459 477
304 346
174 98
344 237
174 688
166 72
198 698
197 207
192 725
412 598
11 615
343 493
105 601
337 741
328 476
384 343
417 489
300 118
95 135
68 587
382 121
323 153
29 738
457 544
236 274
470 660
85 551
35 341
357 637
282 95
442 696
292 159
321 501
47 625
332 639
175 163
320 718
30 622
381 31
103 264
196 133
365 120
370 717
269 689
79 642
237 30
477 334
87 493
37 115
349 719
392 278
49 132
196 621
198 285
403 593
460 459
451 298
80 202
374 278
296 231
371 688
217 246
217 363
8 725
184 557
110 372
384 142
289 516
447 454
389 38
212 704
126 515
456 592
485 563
349 564
53 407
471 236
317 389
22 89
434 654
16 606
269 703
393 596
245 161
297 228
328 45
436 70
245 104
419 707
257 142
101 505
142 691
52 171
235 386
116 395
200 380
14 150
341 380
463 41
402 67
134 469
429 302
280 44
103 490
151 239
356 615
174 485
366 354
139 673
9 267
176 384
37 532
370 207
115 153
383 31
85 144
86 29
102 460
469 265
341 589
187 31
352 194
359 142
79 380
172 552
250 665
137 186
317 65
274 273
55 310
49 393
435 334
431 548
232 248
114 369
57 388
403 118
374 91
407 554
313 677
388 656
237 376
457 432
483 34
393 675
175 527
264 362
164 319
44 230
250 373
471 54
18 520
47 499
48 422
361 65
152 343
106 551
215 161
302 87
434 116
147 376
484 100
332 611
65 428
472 79
196 438
434 431
384 125
331 62
304 481
273 537
315 95
239 386
29 70
56 311
198 684
58 569
216 293
198 294
45 639
299 464
315 284
56 494
460 475
276 5
197 415
409 214
9 430
258 69
263 94
198 226
275 519
381 532
100 586
295 33
206 119
362 534
71 609
80 517
63 51
393 84
140 674
437 162
314 290
447 293
254 132
458 45
300 374
436 472
158 201
243 554
60 228
290 633
351 622
350 627
382 355
411 693
472 627
285 272
246 464
209 361
277 665
61 262
354 114
26 102
72 554
353 685
1 536
245 10
205 72
403 666
204 277
433 661
211 333
370 651
294 27
205 291
38 260
485 643
441 199
433 701
388 682
412 310
443 414
427 573
394 260
460 228
225 65
210 645
21 175
147 577
281 592
219 189
67 229
423 582
433 545
84 627
440 371
301 328
221 392
228 713
251 117
126 511
22 9
444 449
28 474
409 192
41 403
478 517
11 670
446 586
187 4
126 3
298 282
257 384
244 642
234 467
166 313
38 502
32 531
371 535
35 417
139 5
265 618
79 696
14 310
432 37
362 559
330 477
435 241
359 55
280 146
375 343
71 736
283 367
434 651
8 618
137 389
250 94
55 492
417 64
474 217
285 226
387 262
231 735
145 228
342 670
143 392
398 336
4 128
398 636
451 489
156 609
471 93
241 489
65 157
63 158
340 373
379 180
388 227
219 708
440 67
356 292
379 8
238 317
305 183
282 538
386 40
374 461
38 138
364 469
35 507
1 352
231 641
154 225
111 645
338 512
21 276
89 354
485 113
117 228
237 686
440 337
420 77
473 609
449 726
287 137
80 260
300 228
34 556
370 86
240 539
129 318
92 457
380 485
116 525
367 122
314 232
353 665
81 550
365 351
398 640
227 547
426 721
237 199
28 257
42 109
406 198
356 271
124 200
104 612
425 576
113 147
423 661
8 373
53 539
319 243
362 450
303 483
144 172
422 352
122 414
280 148
259 630
106 252
403 206
295 2
162 321
122 278
101 211
189 33
301 427
459 415
183 206
455 248
46 657
468 672
240 173
212 174
471 365
336 374
451 318
228 697
338 110
365 390
100 564
325 276
397 633
406 416
19 177
483 114
268 204
308 254
60 139
47 217
184 226
470 481
405 62
275 335
441 591
130 578
411 598
438 225
84 623
76 730
379 350
395 18
359 499
460 199
88 76
48 34
191 85
187 622
62 418
450 678
225 536
206 488
210 91
120 449
10 234
468 342
141 146
195 314
397 728
230 97
219 518
222 664
481 283
463 622
409 463
446 663
260 310
113 354
432 433
256 180
46 69
120 437
461 131
155 639
368 354
185 2
205 616
246 307
359 11
36 342
239 317
167 68
253 291
131 703
119 621
373 492
407 7
263 582
363 69
348 195
180 320
465 649
388 622
355 293
216 29
17 354
202 388
174 271
124 70
9 332
325 164
257 258
185 531
60 429
163 641
219 359
192 92
484 732
155 47
472 201
325 181
102 29
429 593
469 310
119 503
138 107
386 454
315 187
135 370
235 68
378 521
332 467
461 595
251 731
218 499
261 1
142 247
415 455
166 541
342 596
12 584
100 342
362 115
269 628
466 600
39 652
252 231
233 675
101 204
122 630
468 520
372 617
49 643
124 562
0 583
347 183
343 443
399 341
58 168
177 527
377 32
376 156
428 367
31 554
402 331
3 500
435 391
228 671
61 110
2 346
240 339
281 545
36 145
70 640
82 466
290 488
388 527
176 568
282 475
65 480
435 305
224 636
261 296
259 492
245 272
442 152
267 629
63 446
463 361
366 196
401 729
113 344
259 54
108 442
68 285
170 98
167 249
210 258
453 193
179 692
478 277
362 332
357 226
461 567
243 65
29 504
69 135
65 695
22 527
99 601
265 689
366 290
86 524
244 559
155 364
264 546
468 173
220 62
14 133
183 184
337 610
282 660
355 428
141 173
143 412
320 80
465 604
208 250
235 555
325 44
360 529
421 576
440 737
215 293
61 130
367 307
369 27
91 92
234 674
365 427
161 33
343 190
150 206
49 52
309 290
267 307
274 307
197 419
212 634
438 729
128 206
438 716
117 389
5 670
141 85
230 110
234 281
122 214
124 550
63 550
305 375
27 76
10 156
409 478
31 215
411 285
102 648
121 677
97 682
140 597
54 134
328 524
99 97
52 39
239 421
463 678
178 360
139 114
231 150
10 273
30 353
153 273
65 697
446 342
317 589
159 675
145 582
336 13
201 552
437 308
98 207
90 289
442 638
72 473
45 280
55 84
218 295
294 516
305 707
258 531
41 587
23 735
97 106
315 432
424 45
333 721
362 273
217 143
212 155
209 196
171 112
87 635
366 349
29 611
454 694
303 109
435 637
483 160
49 534
436 175
124 33
257 121
141 663
146 460
12 696
141 64
188 732
323 361
83 134
162 188
27 603
283 144
405 560
117 545
233 344
473 359
210 631
394 302
243 105
331 492
463 370
123 502
400 133
231 149
463 182
339 550
168 9
451 276
116 729
94 655
322 317
340 556
416 515
299 39
351 384
138 515
9 442
183 98
210 553
134 570
28 576
240 280
485 515
477 420
297 140
184 62
223 434
482 395
221 201
93 106
144 427
291 545
134 207
70 659
12 555
74 351
198 649
183 505
309 114
108 627
205 266
33 564
373 1
90 382
479 367
268 516
468 313
197 591
141 603
431 276
98 166
228 408
463 11
253 407
24 261
168 248
114 203
291 503
396 73
124 359
181 27
289 684
466 586
5 474
327 406
387 245
63 111
350 660
148 281
68 673
268 37
44 3
312 231
106 625
460 614
34 364
296 438
366 142
245 330
172 382
406 258
409 208
124 505
279 142
153 724
484 12
371 43
118 621
287 666
209 285
304 158
347 542
350 28
467 23
111 76
466 243
231 188
217 186
83 294
309 697
50 478
346 694
353 585
415 313
401 493
73 395
128 121
331 636
222 233
78 555
276 135
433 304
79 739
168 497
182 259
285 29
4 351
426 30
278 74
20 322
363 31
406 681
212 43
244 308
347 369
269 711
449 727
118 576
286 303
154 413
402 40
42 74
74 521
157 523
304 271
90 161
310 339
401 605
61 579
223 346
15 416
269 314
416 647
372 356
111 637
292 579
470 99
173 218
315 409
136 431
52 33
78 689
315 374
359 671
297 334
229 493
148 533
475 407
97 198
242 190
172 447
403 323
238 645
112 531
70 677
47 725
204 424
345 114
250 479
478 622
76 4
384 727
130 169
435 378
329 250
111 65
474 334
321 363
448 187
370 328
169 246
160 562
323 573
42 53
368 55
235 25
393 609
485 166
269 292
198 477
297 363
8 648
18 362
109 242
241 703
428 726
183 383
202 216
441 185
421 310
10 158
336 438
288 446
375 85
241 156
10 125
42 558
205 703
230 373
27 20
26 542
95 43
235 303
266 681
205 525
42 261
228 46
43 662
176 159
96 197
472 387
158 27
99 220
184 17
354 247
314 682
116 710
60 553
366 249
269 424
34 514
437 739
360 359
378 20
108 394
190 425
203 725
118 189
357 501
303 253
203 34
75 489
291 236
426 239
332 351
289 497
479 389
334 81
300 641
222 659
423 14
8 457
219 282
475 562
298 42
246 333
422 132
292 320
432 116
182 325
294 627
364 520
323 119
238 456
51 304
314 534
14 78
22 438
357 381
159 345
184 50
376 730
462 483
20 125
351 524
48 466
426 371
84 432
176 615
275 546
337 353
267 111
345 166
266 464
179 171
316 466
368 239
412 287
470 36
462 627
311 439
364 726
358 546
174 724
120 101
193 56
246 487
176 476
29 513
427 715
85 712
337 644
446 6
186 489
170 602
270 447
397 10
391 66
346 126
148 184
474 688
317 615
205 94
402 700
451 75
140 238
400 575
181 128
338 674
8 205
395 664
319 652
166 219
352 357
434 218
20 202
258 523
101 392
57 622
173 290
388 425
322 526
296 150
139 506
431 538
85 49
196 84
237 240
463 133
96 356
453 26
272 175
14 186
157 255
378 160
479 741
0 448
229 735
404 245
25 377
189 550
142 173
41 52
308 426
5 93
41 667
382 462
233 534
249 120
166 540
139 99
271 163
49 63
65 90
278 680
36 511
480 306
99 21
304 555
62 373
405 705
241 687
342 553
467 229
118 509
368 252
31 231
240 134
308 556
301 194
421 470
369 506
455 283
326 485
299 516
438 164
442 255
259 194
136 618
18 199
215 534
66 342
110 65
430 482
439 246
226 550
141 651
5 153
445 15
314 507
317 418
374 94
8 377
77 420
62 14
479 2
320 319
294 133
91 570
210 312
154 266
476 372
382 359
471 586
249 712
106 579
237 316
62 143
396 231
222 136
31 658
269 333
147 546
479 668
131 573
440 558
77 2
110 680
128 328
461 502
362 728
20 669
393 665
419 157
213 492
143 484
268 30
430 59
67 316
462 257
419 114
374 458
46 420
248 123
230 333
410 96
254 422
124 635
109 46
210 219
103 220
34 260
376 184
216 215
435 163
137 600
227 389
378 563
467 242
293 364
201 537
266 727
341 733
4 42
427 479
467 74
38 242
254 452
370 120
10 443
398 575
402 659
323 724
202 424
427 68
387 460
315 76
156 375
4 621
189 143
159 730
343 2
256 84
78 704
392 4
404 333
478 727
184 216
315 198
194 217
279 409
165 571
117 451
336 280
373 417
386 358
227 42
462 448
18 689
121 724
66 338
269 58
66 399
172 379
227 115
315 483
275 36
325 564
289 409
247 134
327 135
297 626
110 568
395 342
135 189
267 638
366 205
340 657
355 92
227 452
330 282
21 702
275 357
322 202
156 19
122 177
217 287
241 202
434 423
264 426
185 198
331 145
473 686
320 102
253 636
12 679
283 706
361 3
79 197
464 338
261 229
137 701
354 208
296 547
351 595
355 359
321 611
85 233
224 413
481 175
21 176
398 222
226 527
352 372
204 728
162 440
42 434
36 351
307 559
455 265
206 724
118 666
373 305
191 323
57 1
391 190
334 403
442 267
16 294
479 544
443 497
97 738
260 281
385 598
259 220
30 474
344 303
482 200
360 261
161 419
286 242
289 436
307 614
455 161
44 576
212 572
250 694
49 731
280 313
219 200
301 688
303 301
221 21
396 690
375 466
406 37
147 511
158 607
169 128
203 58
25 286
256 644
133 344
380 280
10 229
463 378
71 634
121 642
232 318
320 737
121 378
425 542
63 140
373 683
167 464
2 422
246 727
471 115
158 524
156 683
447 299
363 371
224 684
257 202
301 652
99 158
164 91
144 436
85 316
377 217
300 699
213 3
258 361
60 76
300 366
47 512
345 503
67 1
15 735
206 275
454 128
97 72
26 694
396 128
215 591
16 102
307 257
81 502
421 80
46 301
441 296
42 727
7 152
20 494
466 698
425 558
236 573
116 17
255 280
178 563
392 499
103 212
477 306
263 480
339 554
384 653
465 302
198 415
285 105
180 293
479 120
191 638
303 273
98 525
483 577
327 557
266 604
393 437
143 522
187 230
63 466
430 362
386 256
127 450
416 599
401 80
323 672
386 621
128 224
29 688
206 197
100 352
107 321
337 31
365 4
83 392
171 2
301 717
440 5
470 208
129 699
246 343
70 515
446 611
153 297
55 392
480 478
3 707
371 582
431 108
13 333
279 733
315 244
230 405
377 213
81 734
186 88
129 348
133 410
149 398
20 646
364 134
62 458
165 370
216 326
25 96
296 72
218 581
117 531
457 156
190 357
253 114
124 479
324 647
274 192
23 127
323 155
133 158
1 290
24 68
100 467
367 646
193 437
86 654
134 0
57 376
373 145
89 401
52 87
412 125
408 401
43 211
447 245
67 498
240 599
73 304
89 264
481 116
476 375
294 401
4 478
432 234
104 121
275 306
52 223
293 249
295 365
475 18
56 704
209 654
123 282
278 631
475 328
391 251
384 664
439 174
428 595
12 649
386 96
12 353
239 64
355 184
317 651
254 417
443 572
45 194
269 538
134 81
160 74
84 148
76 475
103 680
239 115
336 37
265 409
115 112
196 21
317 576
281 152
420 85
21 467
146 56
163 303
57 397
269 368
324 105
136 132
435 254
29 15
355 208
346 276
153 170
235 601
369 415
472 498
427 152
16 451
109 83
13 300
458 60
287 120
219 629
368 4
433 48
15 394
376 596
249 68
38 537
433 179
445 388
57 345
464 532
241 328
191 41
14 332
325 24
290 173
181 339
455 58
207 134
448 682
243 12
444 608
204 721
440 666
250 327
429 447
72 377
383 210
253 501
231 32
190 93
260 686
174 441
456 680
384 644
194 732
79 702
8 574
470 727
30 326
346 554
174 487
155 198
458 262
228 631
120 248
296 74
321 211
95 348
100 724
312 475
65 461
174 6
184 28
63 53
412 49
410 648
473 645
14 441
373 206
107 127
422 545
206 726
303 597
31 200
343 149
244 439
16 266
272 156
174 655
84 239
453 121
290 259
286 272
55 481
145 302
120 491
447 607
192 188
62 654
305 515
233 572
457 175
105 0
382 454
403 635
44 293
260 460
430 446
467 231
389 617
275 707
468 283
247 560
402 713
151 414
119 530
232 650
284 206
101 734
369 654
47 590
319 617
27 701
263 375
147 191
336 132
360 356
48 119
432 322
293 163
327 280
163 337
200 304
377 473
327 182
400 281
218 651
165 268
119 141
240 107
431 248
46 152
293 292
30 544
317 132
474 234
407 169
208 413
454 115
463 534
457 425
347 517
209 349
256 471
381 536
209 291
40 304
264 154
278 462
430 449
314 277
287 607
165 601
300 522
231 51
265 578
418 584
472 720
272 80
191 594
255 146
343 250
315 365
170 654
339 273
460 281
9 354
191 31
461 417
417 187
355 550
172 696
292 194
221 560
335 586
186 79
485 53
471 713
425 382
454 422
222 738
164 530
434 489
446 114
144 200
453 419
25 479
337 208
75 729
380 703
282 479
243 208
176 279
91 1
153 232
180 310
28 705
409 418
270 606
406 307
87 176
449 462
240 317
366 80
146 523
376 335
38 676
128 347
87 733
179 435
212 192
82 177
458 705
56 451
303 610
179 638
237 326
150 479
408 142
137 529
326 708
50 670
297 389
400 166
255 493
35 592
234 620
167 306
271 469
171 86
390 232
302 142
46 424
386 308
414 572
208 591
421 291
329 103
54 188
158 321
258 602
361 510
130 113
257 144
214 141
34 721
354 382
382 589
159 138
329 303
240 615
165 461
22 78
324 661
292 386
333 649
461 663
400 343
136 462
413 158
263 23
283 295
103 567
268 444
89 735
387 127
277 455
427 606
96 623
27 467
379 516
249 468
290 482
408 518
291 146
178 91
142 278
285 552
212 559
368 249
74 538
407 709
309 220
53 413
224 679
182 166
100 197
318 714
317 275
471 467
444 48
251 701
384 638
76 491
363 33
152 28
322 365
436 284
308 143
473 291
361 236
429 157
429 137
10 500
167 417
343 331
22 137
476 721
243 267
169 628
249 180
203 171
268 175
461 17
214 510
454 504
174 530
118 319
62 494
485 701
311 179
266 378
337 448
164 383
469 286
47 58
318 717
321 253
155 583
60 31
75 258
300 559
310 603
272 193
93 213
197 334
14 254
322 379
296 381
449 646
149 261
97 656
97 671
377 424
356 231
45 226
380 702
328 308
475 197
341 361
138 423
365 161
64 687
280 683
31 289
154 607
19 56
35 263
461 226
18 587
39 46
40 673
318 458
6 401
429 409
478 28
226 441
453 415
280 647
382 668
312 423
353 495
461 460
430 357
464 69
67 521
391 652
61 311
320 269
62 112
456 349
272 374
70 95
166 68
325 574
265 526
244 119
189 183
183 124
462 628
339 105
23 406
400 112
174 599
43 388
169 99
192 48
175 166
147 180
261 9
94 31
289 625
241 1
269 666
197 118
38 316
425 519
1 556
129 250
225 506
79 408
412 204
173 273
182 303
450 64
226 316
405 623
297 736
240 393
20 613
345 721
6 694
389 67
249 442
194 0
59 180
410 166
156 278
355 442
416 460
30 240
27 223
458 550
432 284
174 315
242 191
349 449
410 646
74 10
199 352
344 434
349 690
119 209
346 322
20 677
370 415
249 432
265 610
249 405
87 472
79 138
200 599
74 440
118 16
370 288
418 267
167 247
278 52
158 134
274 639
40 317
80 732
332 242
303 396
324 357
293 406
453 566
74 52
327 145
67 331
24 465
432 113
478 71
407 83
32 101
87 150
341 80
189 479
285 726
399 689
139 664
163 148
455 422
142 253
320 229
