270 111
144 235
274 370
243 327
2 573
350 79
229 195
445 243
233 257
12 656
353 273
111 412
406 327
289 587
23 27
229 169
369 112
95 250
462 482
478 657
177 455
56 727
42 212
70 488
76 29
462 294
239 242
394 478
434 32
127 256
317 23
225 604
12 437
243 222
377 672
41 217
77 327
199 254
385 694
165 364
253 66
117 494
311 448
216 358
180 667
260 719
95 496
376 560
221 171
249 214
176 611
422 234
84 436
168 566
37 447
46 199
1 229
413 345
67 393
415 55
423 53
449 734
148 35
332 733
106 460
241 586
429 120
182 398
107 389
178 347
350 73
75 538
149 101
253 339
184 237
103 588
444 634
195 224
251 260
332 690
377 26
469 717
135 169
86 349
482 272
310 387
239 421
311 247
439 52
418 735
192 20
328 483
175 646
448 287
464 141
162 385
155 485
372 653
247 398
2 297
27 471
40 601
329 42
277 57
311 711
152 640
457 326
181 388
379 414
406 111
178 262
348 199
275 104
398 22
81 376
74 571
190 315
300 150
272 333
180 554
226 11
441 598
74 140
424 721
317 225
246 207
185 730
334 128
325 638
264 47
383 36
108 495
289 429
232 95
31 666
149 299
200 431
369 15
271 519
201 545
300 276
31 703
435 534
367 230
327 148
160 292
280 104
454 265
27 58
408 554
454 227
126 209
437 399
360 351
73 56
183 155
130 529
358 156
378 3
366 710
290 451
44 24
292 609
142 7
405 281
288 162
392 81
383 235
199 431
226 275
357 528
67 278
233 156
263 714
101 616
89 440
81 132
197 299
374 581
179 260
331 672
179 497
303 155
216 128
372 350
279 209
461 5
167 103
357 617
423 589
403 508
151 49
194 48
162 536
126 519
4 437
420 171
254 90
238 325
251 682
483 200
146 331
442 107
33 145
97 318
480 75
219 601
253 671
468 127
183 698
177 737
13 525
325 695
70 157
442 423
172 317
18 400
256 272
240 34
106 163
119 18
51 595
55 235
419 720
126 565
394 33
60 646
295 431
434 606
29 378
43 412
389 640
220 559
80 671
34 678
167 484
442 312
38 172
167 687
381 560
213 708
222 51
286 47
93 609
325 374
112 127
90 364
252 607
257 175
41 77
111 608
217 33
187 80
1 365
168 263
323 185
18 194
306 463
384 656
326 634
316 558
450 99
133 273
330 350
242 42
311 545
217 459
204 628
377 480
224 133
469 443
137 106
103 585
107 127
257 595
435 607
6 582
394 578
135 269
177 261
122 187
146 339
257 347
72 59
394 616
152 656
206 703
254 323
190 400
248 705
387 709
180 120
337 100
310 389
483 733
219 173
10 641
244 211
350 548
16 387
206 151
308 18
417 533
322 643
286 128
150 640
91 96
50 165
406 239
24 269
360 450
478 475
454 331
230 515
182 733
449 213
202 649
359 628
118 400
388 24
276 196
278 297
425 144
419 362
292 288
446 697
301 241
289 139
260 708
139 491
45 628
285 681
430 471
388 490
164 423
161 420
123 129
14 144
360 617
96 172
382 524
239 171
26 609
176 678
231 629
76 248
84 60
261 596
74 625
331 392
365 568
58 156
436 87
160 670
369 461
135 186
230 251
213 620
258 430
421 220
131 97
251 399
234 61
439 637
153 729
202 494
182 421
78 431
180 567
184 431
51 177
197 372
345 476
238 458
143 540
149 96
125 603
388 461
383 401
127 531
65 479
49 301
289 361
289 498
447 179
480 383
302 84
314 685
396 417
36 162
336 487
341 429
140 465
224 609
149 35
257 523
154 8
436 606
322 269
76 704
468 435
64 424
245 407
433 710
173 462
196 404
100 106
292 327
13 120
167 35
279 528
439 691
202 572
467 304
352 501
78 308
158 86
122 695
261 698
458 573
258 159
291 345
264 213
278 367
377 334
401 419
446 131
205 550
395 86
400 189
55 391
322 368
177 226
287 457
50 217
146 690
432 483
478 293
208 396
341 617
254 682
238 3
353 179
61 711
409 335
47 415
285 613
41 722
205 686
112 453
104 650
344 203
197 254
395 662
22 279
126 491
373 540
340 665
207 449
55 215
260 575
33 539
433 418
26 13
280 411
176 587
421 508
429 704
24 273
467 406
310 479
209 262
371 402
259 659
23 281
156 474
1 703
208 150
251 440
451 133
218 159
30 13
402 154
222 179
379 392
465 51
235 731
172 3
404 263
410 574
362 210
245 684
206 137
398 190
292 283
278 536
204 536
232 335
451 398
66 430
78 358
33 261
174 232
375 637
164 650
199 589
262 440
159 524
383 340
383 600
170 549
442 249
47 516
301 0
388 73
324 161
113 696
211 50
244 487
122 241
2 674
171 468
281 379
78 445
1 98
157 735
103 308
384 12
372 299
22 441
318 251
453 312
446 497
366 43
458 7
220 487
63 528
52 144
125 224
421 49
190 625
455 649
240 452
474 631
216 704
71 178
145 735
288 293
155 457
388 51
317 270
301 464
273 408
342 415
141 29
332 422
220 503
183 61
453 484
50 249
233 72
65 344
147 142
381 123
328 627
51 76
290 496
468 317
422 56
261 141
479 210
336 80
365 569
22 81
118 516
247 33
414 234
85 614
198 404
174 70
60 677
13 668
168 384
484 657
49 47
424 127
88 59
219 76
50 522
203 553
155 564
333 329
94 731
261 236
41 85
335 48
221 53
321 595
24 650
69 636
179 557
99 21
467 721
146 325
327 408
483 686
144 238
253 656
343 638
233 454
400 685
211 207
176 349
40 570
169 383
482 247
293 238
78 602
352 524
356 347
127 447
329 59
105 252
485 414
11 635
166 203
408 329
403 596
124 231
334 480
60 237
138 23
425 522
73 658
449 119
351 191
281 289
98 672
278 138
385 90
100 719
319 473
258 149
197 515
475 566
301 721
175 128
452 27
168 176
285 489
397 650
83 726
30 589
204 420
215 628
36 330
221 190
190 690
336 236
357 34
148 254
462 215
22 718
485 571
207 667
30 235
327 484
236 51
389 648
420 192
132 638
23 353
40 143
227 709
428 637
201 626
192 175
275 541
417 262
464 395
132 572
461 123
59 581
113 105
234 349
135 731
376 630
246 86
408 295
113 701
137 689
410 241
33 64
59 271
224 706
475 70
93 56
273 613
211 233
192 499
87 535
333 324
235 24
133 475
200 169
160 692
360 694
2 588
294 648
40 255
242 725
330 149
95 516
411 667
188 327
168 122
14 225
343 718
58 386
249 546
356 596
465 88
313 672
55 232
418 238
133 133
98 274
420 622
13 487
239 21
224 470
180 699
377 555
277 3
177 603
111 115
88 62
460 569
12 35
374 645
240 635
463 99
213 233
306 697
165 348
127 724
349 39
87 393
442 579
102 564
358 536
368 155
200 230
224 498
295 655
401 707
294 383
161 340
234 377
434 713
330 674
135 159
448 457
59 465
111 104
40 176
311 614
43 726
270 611
63 503
364 350
197 542
300 84
19 374
253 211
272 259
130 54
35 213
367 636
259 476
201 202
70 57
132 304
467 340
456 400
149 586
247 8
93 543
240 194
296 318
160 277
201 66
242 359
316 735
410 15
325 49
283 322
315 445
204 450
158 645
68 612
385 702
386 403
300 577
271 661
299 103
132 473
71 387
92 51
481 303
169 591
424 704
80 123
123 11
92 368
266 570
225 292
237 691
347 203
245 458
419 658
116 81
228 545
327 82
133 285
113 418
294 634
194 12
322 467
373 17
259 85
228 112
243 130
438 139
313 506
441 20
219 71
309 76
374 58
369 480
470 211
476 614
261 358
220 500
212 155
336 292
215 131
152 431
333 703
203 325
230 674
439 535
66 197
7 626
231 453
453 162
352 17
38 340
174 544
76 667
243 436
147 175
415 286
329 318
212 425
59 119
16 333
303 125
351 445
365 224
38 444
23 79
249 10
25 669
436 11
483 720
56 579
255 350
428 151
60 506
421 340
400 3
103 231
455 249
461 160
112 161
95 277
377 593
206 301
6 53
260 5
64 386
405 512
363 696
140 80
408 581
389 170
369 521
61 346
477 155
130 68
385 28
137 458
95 373
257 282
97 552
276 93
439 72
295 559
220 560
440 718
363 547
237 173
214 648
14 186
364 23
166 470
257 395
98 637
229 613
383 255
344 118
1 5
12 222
269 704
220 540
27 95
213 329
54 204
412 719
177 283
164 404
329 243
238 712
201 610
239 133
107 79
1 87
99 667
400 527
245 704
401 620
389 694
111 103
116 525
469 162
431 195
64 153
67 324
28 161
285 147
67 66
413 147
283 431
261 598
40 45
232 323
313 293
417 287
365 586
308 47
476 77
368 292
463 414
483 664
360 31
351 299
33 370
189 610
84 687
226 68
293 93
394 342
436 678
201 304
207 166
94 387
405 709
152 253
71 56
372 269
112 356
390 373
475 44
9 387
363 407
156 403
470 263
151 389
444 667
112 414
250 674
107 719
326 264
18 699
180 528
270 375
93 677
227 375
323 580
200 276
406 5
200 494
484 292
173 480
192 410
39 325
252 65
83 33
250 441
422 1
9 68
383 107
433 179
353 535
381 740
351 238
251 475
366 674
190 505
47 284
314 511
224 375
327 66
473 629
388 286
390 254
346 501
110 198
32 714
234 11
326 266
234 624
68 558
36 730
425 43
383 302
481 78
304 720
396 232
439 442
43 486
324 412
267 223
85 634
58 268
17 735
471 648
481 269
334 638
450 598
303 539
359 311
228 315
437 348
401 471
113 704
83 179
254 359
53 528
432 22
351 564
274 740
198 414
452 253
248 381
92 177
238 567
84 593
166 352
91 618
485 423
32 350
190 386
253 664
40 585
63 423
416 364
380 379
68 551
131 723
220 689
108 677
302 533
335 574
173 353
218 168
63 109
352 423
424 158
256 244
170 318
106 171
9 9
319 462
446 579
385 684
154 719
334 1
472 314
303 411
111 681
28 530
344 159
379 349
189 741
137 318
407 453
91 534
71 643
363 676
161 490
33 682
240 129
369 225
210 12
227 478
317 105
210 558
454 402
212 165
132 574
357 159
215 238
213 341
137 124
82 275
107 678
292 533
113 167
126 273
277 16
458 176
437 561
235 147
451 603
464 551
380 368
391 506
57 712
244 184
320 236
418 693
20 584
48 724
82 636
83 557
342 154
462 594
4 326
242 394
363 449
144 497
272 729
409 102
28 321
405 234
45 236
358 553
90 205
404 428
223 699
213 405
445 214
35 646
22 100
360 92
89 462
194 731
471 140
290 268
160 231
246 205
251 205
99 149
222 332
153 336
330 587
114 709
391 347
368 468
76 512
475 687
460 423
431 243
359 159
226 153
71 51
415 304
329 310
11 554
420 539
427 690
91 58
35 558
417 156
285 665
302 236
472 597
133 320
212 367
356 291
169 19
274 733
367 578
182 48
485 141
329 324
441 679
266 727
314 72
312 472
346 445
453 604
57 321
338 240
282 573
34 688
115 465
329 508
209 498
83 236
430 723
230 106
9 697
63 156
453 377
348 372
124 508
379 436
218 468
414 722
25 60
367 243
366 711
298 264
476 634
176 637
103 212
127 163
431 489
44 584
182 611
183 109
151 141
107 448
275 580
475 287
463 432
314 109
239 368
272 230
276 344
327 336
409 411
479 575
482 76
277 716
296 88
235 416
396 572
358 362
439 319
484 590
116 122
465 716
117 722
198 629
4 562
374 64
27 709
198 431
345 513
338 174
466 708
441 460
386 231
233 215
144 97
425 298
390 586
400 58
169 517
231 522
276 560
86 4
401 27
460 397
436 462
476 315
396 641
94 598
19 434
210 201
387 610
255 273
308 529
121 339
225 473
445 399
70 217
89 580
368 357
443 701
387 19
32 697
66 521
122 488
90 667
175 221
47 442
274 582
340 200
20 70
297 275
128 582
402 495
361 105
173 550
63 293
57 293
165 306
128 465
241 389
232 13
64 21
48 178
483 328
143 140
178 305
180 132
219 30
243 354
411 109
366 627
43 383
51 539
169 361
126 234
0 287
282 684
271 130
5 662
20 188
144 47
302 727
313 182
453 410
429 408
54 457
437 441
285 260
364 711
395 99
304 349
39 497
286 475
469 148
185 415
405 734
184 655
202 703
446 229
26 705
405 482
288 486
385 89
118 679
228 409
353 584
250 137
33 482
167 207
165 118
322 551
292 279
226 730
200 678
469 323
131 459
199 457
127 741
417 649
167 243
429 189
205 158
334 12
480 261
323 289
60 410
65 325
144 363
455 208
368 661
332 713
439 161
54 15
329 359
208 469
2 28
13 583
107 571
458 213
251 23
323 100
400 502
121 206
461 384
259 664
42 429
382 708
132 136
442 465
185 59
94 512
33 458
443 309
334 495
405 151
412 612
310 3
183 392
24 601
135 443
80 524
247 525
461 294
377 598
312 180
274 735
418 79
279 192
310 244
478 411
79 371
420 567
338 527
101 620
377 681
36 569
130 389
21 330
260 457
395 282
423 619
184 683
133 62
427 432
1 652
43 598
364 532
342 263
102 345
243 363
267 713
278 216
304 22
441 69
34 208
240 510
51 348
471 109
443 266
371 739
303 654
242 553
169 736
108 421
102 409
332 578
361 591
462 710
274 455
188 728
443 520
130 564
170 90
195 674
406 701
389 64
132 611
384 31
378 457
10 594
109 711
357 195
335 489
167 660
122 62
146 441
185 310
154 404
441 4
330 151
109 452
77 116
72 234
474 489
128 708
92 731
377 436
457 710
237 405
361 206
203 623
28 269
98 288
342 17
376 548
186 645
57 493
418 54
362 500
462 509
409 476
128 698
370 390
215 178
476 621
45 28
423 135
55 166
78 674
108 697
80 77
179 236
371 80
383 176
451 210
270 144
361 48
461 487
276 42
165 713
212 580
21 18
163 632
330 177
319 272
401 452
266 70
462 266
173 186
2 309
408 375
38 365
20 212
240 345
18 696
444 523
323 375
2 429
423 207
262 510
127 379
118 549
208 127
247 109
377 209
178 473
344 58
246 723
43 680
350 7
20 728
46 485
321 563
383 572
334 107
319 87
86 495
140 387
0 721
12 80
128 432
412 441
48 121
455 680
56 182
107 661
483 690
302 288
72 46
193 103
270 131
269 348
144 241
409 603
205 554
48 298
296 603
136 433
341 557
315 335
419 527
462 615
267 689
163 573
221 220
456 378
163 366
100 6
441 369
457 419
85 209
14 41
255 129
468 648
148 442
48 51
104 308
372 133
478 420
168 668
36 181
69 360
218 731
9 99
140 648
105 530
326 236
302 465
320 114
102 141
101 33
269 626
247 313
3 139
484 299
308 277
363 516
383 263
475 439
331 1
197 44
417 32
364 48
120 367
206 79
89 704
357 99
473 558
455 530
89 409
28 466
289 552
294 360
177 180
101 400
449 582
31 691
94 576
333 417
299 539
93 120
244 66
106 437
181 19
207 529
293 34
310 548
460 193
408 118
108 569
356 419
194 217
470 330
93 493
132 265
135 104
97 418
271 156
251 730
279 373
327 204
125 386
150 445
261 16
414 406
333 18
420 398
448 87
145 374
198 200
175 177
18 525
233 724
212 726
390 539
225 725
394 212
442 555
33 440
296 739
438 366
479 383
238 697
411 239
342 405
122 539
357 172
347 316
313 22
119 655
409 696
7 601
433 520
364 322
142 226
157 119
163 247
139 620
121 726
268 267
285 232
290 648
395 43
127 420
94 161
462 583
28 570
320 56
6 568
313 705
22 368
172 301
282 311
478 374
203 429
9 80
50 439
483 256
164 526
390 652
380 506
178 196
414 460
132 240
344 638
114 177
353 548
455 121
71 724
364 449
46 508
207 189
159 341
198 236
389 445
319 53
455 636
168 131
249 239
11 519
25 623
41 3
330 665
116 84
374 62
220 636
237 51
162 152
185 373
277 575
310 405
5 335
363 258
343 41
0 638
295 110
433 566
190 515
252 651
82 63
77 142
48 434
363 432
134 125
9 732
391 520
397 691
68 721
92 108
222 696
212 545
465 630
425 525
477 270
74 664
61 253
287 143
160 303
100 205
406 538
271 584
188 80
223 103
392 39
48 543
437 335
331 37
306 383
106 568
212 232
189 371
221 27
205 647
408 613
263 436
447 593
13 63
411 651
297 287
323 55
116 570
232 414
254 660
42 717
262 603
132 28
67 475
42 600
163 227
483 139
238 532
290 573
32 93
482 444
401 3
259 133
389 323
253 551
131 310
21 237
311 398
251 372
264 108
329 175
419 201
426 202
175 690
391 677
98 317
12 652
441 22
239 93
262 735
449 163
295 241
270 494
127 443
256 471
251 501
170 590
102 211
343 207
360 297
329 107
269 276
466 631
166 165
1 505
209 355
1 717
352 118
126 741
412 326
452 589
288 687
1 568
67 305
376 478
257 336
130 443
253 704
358 343
428 377
479 84
199 79
413 82
206 70
188 475
242 255
274 246
20 329
197 517
189 696
382 101
374 446
458 400
31 236
261 555
82 523
386 486
19 184
460 36
329 488
277 413
348 249
338 334
428 5
220 271
311 212
45 66
171 720
143 163
176 685
194 176
434 432
398 235
391 458
465 178
21 105
135 155
239 721
473 82
24 383
214 653
328 482
241 274
162 178
48 78
350 479
165 188
274 673
62 377
53 295
66 665
257 532
158 46
433 712
474 300
246 334
317 376
41 508
288 210
316 643
383 74
164 513
431 73
332 446
37 253
234 626
182 59
213 475
212 398
100 339
146 322
197 323
328 653
77 50
87 228
210 186
269 384
329 81
103 702
368 231
461 239
189 708
6 149
482 351
319 280
444 662
306 476
39 361
259 178
41 570
91 713
208 589
369 519
10 570
238 282
150 155
384 452
73 152
129 285
173 442
75 52
354 133
190 652
245 440
361 491
372 695
401 155
397 177
282 315
481 202
129 225
471 498
442 177
241 120
3 199
309 545
408 260
43 126
306 225
200 180
57 630
28 592
272 586
426 434
180 257
178 444
169 488
298 594
319 89
188 349
17 140
365 716
282 381
459 579
362 217
217 591
4 202
173 702
279 338
34 42
460 281
58 409
198 490
364 316
50 606
376 617
123 369
148 428
159 79
378 336
375 7
475 577
257 169
304 602
103 546
159 165
312 714
107 604
246 369
447 42
13 476
415 488
252 602
348 612
277 134
81 322
215 613
114 392
202 545
95 594
425 269
87 682
291 8
107 66
481 109
119 741
321 80
61 587
102 458
225 718
170 56
64 617
368 400
297 45
216 165
215 603
319 94
376 377
133 321
239 628
59 491
221 370
251 80
26 93
329 111
240 523
415 552
130 334
107 591
437 10
110 563
94 352
202 247
375 115
210 18
135 583
479 416
104 588
283 599
438 455
199 368
125 179
397 115
19 296
425 740
380 417
366 657
287 609
257 625
12 651
126 544
471 286
51 496
446 134
261 272
165 11
34 570
184 22
402 156
357 161
97 646
156 518
17 390
208 440
173 131
44 539
382 350
474 178
344 170
301 467
357 708
159 130
385 484
368 47
55 505
220 495
311 289
81 355
365 240
238 99
477 239
400 265
257 741
454 413
229 451
322 206
236 442
363 224
397 434
93 171
236 207
211 610
180 461
351 141
77 399
364 16
97 684
428 556
246 20
473 564
287 420
296 681
98 176
452 588
125 24
264 71
100 622
426 73
179 726
371 129
417 589
165 416
288 424
433 529
445 727
260 43
314 169
408 738
310 45
382 349
257 621
427 324
292 46
191 274
313 256
378 593
452 128
241 99
211 124
464 238
284 283
53 722
247 234
11 654
353 722
263 703
224 418
238 613
74 374
109 535
472 239
331 697
4 545
277 384
270 277
320 272
51 694
55 714
400 252
326 344
113 5
428 103
457 409
199 5
299 441
44 526
176 523
353 184
447 78
189 583
182 737
419 410
295 404
163 256
95 454
481 14
96 157
180 76
336 148
293 121
261 302
203 531
485 282
310 532
129 153
329 432
334 497
435 441
207 229
310 192
63 554
271 303
392 441
400 425
336 165
3 71
59 273
408 592
39 705
138 151
87 249
205 710
354 200
350 279
405 26
112 121
192 68
180 14
255 554
446 247
84 172
215 672
298 560
53 583
474 172
104 177
71 725
452 522
192 161
123 179
274 73
311 37
292 447
292 634
293 130
217 365
72 722
157 385
259 293
359 112
180 77
8 677
229 516
160 103
74 314
86 431
60 384
139 170
76 644
444 290
227 444
485 434
35 582
305 262
20 10
116 301
86 712
94 5
381 336
219 565
195 301
440 97
443 667
484 645
90 117
138 695
233 728
200 202
131 628
233 693
319 211
404 395
216 331
158 185
391 87
420 143
151 479
202 276
252 574
339 508
395 535
162 472
254 510
284 572
15 428
177 294
424 397
11 375
342 330
366 694
434 536
379 70
27 687
42 614
210 656
396 241
316 503
60 256
118 339
115 670
305 473
384 538
55 628
93 455
280 304
249 725
449 446
130 350
190 206
271 505
290 160
141 265
62 621
446 550
444 585
367 30
316 216
18 129
214 313
299 646
407 48
423 633
367 451
338 599
112 523
17 177
150 696
331 597
86 327
479 634
48 237
334 470
246 202
229 76
95 450
258 458
155 142
53 35
135 496
332 124
395 621
336 521
376 528
481 387
275 430
458 130
101 729
404 378
425 516
118 702
179 342
307 129
30 62
323 53
156 249
406 473
79 222
290 563
391 694
334 730
422 124
63 517
300 335
128 49
123 673
471 646
173 3
467 477
259 496
100 202
83 504
176 469
230 582
282 450
274 266
169 45
446 147
0 165
51 366
13 30
127 349
62 138
421 9
449 565
215 593
398 568
272 331
93 716
401 499
286 616
58 604
315 693
301 339
197 502
105 197
199 440
14 3
290 668
2 182
303 457
165 60
179 230
291 219
48 348
91 260
89 737
69 661
97 535
165 675
291 166
164 32
285 530
287 409
409 637
410 675
259 271
377 466
165 715
95 581
69 610
314 527
117 355
44 614
331 504
118 656
276 313
168 36
10 255
339 313
283 261
191 338
291 418
382 31
149 511
81 377
225 675
320 498
292 276
68 252
446 518
397 180
141 73
382 249
372 307
229 474
248 338
325 740
299 509
440 538
302 8
440 74
104 586
330 309
267 226
254 72
285 218
92 656
170 614
422 366
433 736
210 638
371 294
280 176
127 64
377 328
247 348
446 396
82 31
347 405
250 606
253 336
390 39
133 385
103 226
147 176
239 625
420 408
353 38
2 358
144 720
155 631
230 183
215 447
84 701
235 540
389 582
288 502
84 63
355 260
126 524
288 522
480 5
422 292
145 49
413 274
161 185
189 60
157 256
232 533
171 13
173 30
336 110
170 34
38 260
233 339
1 62
56 619
142 351
257 708
107 506
3 417
28 544
171 326
204 221
382 562
70 17
199 402
340 715
393 620
52 194
473 606
38 709
250 647
217 612
282 411
397 620
452 565
140 194
396 382
432 685
243 48
139 592
358 172
238 394
5 493
364 274
34 86
211 693
129 390
6 201
308 268
353 418
463 333
188 418
55 473
410 625
389 108
125 387
47 333
401 75
337 292
166 573
458 148
315 619
295 637
347 215
234 741
286 585
248 109
84 128
392 424
346 513
87 63
297 232
236 372
391 356
347 625
79 229
478 449
334 587
337 614
93 292
443 412
407 258
320 105
322 451
158 699
477 140
61 727
229 276
232 626
266 653
86 396
433 709
12 195
98 137
302 265
442 644
105 462
384 85
432 447
240 236
344 383
437 346
433 581
448 135
190 155
421 635
364 28
441 603
420 395
457 151
57 592
374 595
467 654
176 32
72 265
315 178
130 253
453 513
394 62
267 465
485 100
215 343
34 130
192 595
225 77
438 657
81 667
203 364
13 492
102 96
441 660
78 716
429 62
212 588
387 708
149 220
117 255
194 619
227 60
236 440
39 136
143 233
305 16
132 328
435 206
185 263
179 707
245 159
295 619
165 397
405 654
110 117
25 104
479 732
461 534
302 490
18 210
36 94
435 355
4 725
162 21
229 251
410 125
203 486
22 244
331 393
351 113
379 524
132 313
146 247
427 417
142 319
209 736
142 258
77 339
296 91
53 52
376 676
420 562
452 435
398 679
391 640
203 165
195 98
366 283
304 183
33 317
268 184
395 280
397 481
26 428
189 224
135 291
357 24
349 489
362 385
390 350
138 447
285 372
217 39
476 217
84 22
345 357
372 127
282 497
44 107
280 512
110 504
226 34
472 539
347 396
178 600
452 279
345 169
74 86
68 463
189 153
184 265
294 600
0 644
380 19
208 561
346 352
112 653
216 61
262 518
281 637
22 722
47 131
66 505
474 108
22 491
300 697
431 494
397 688
445 244
386 277
6 293
394 235
275 347
225 337
148 490
404 441
293 544
76 202
310 739
330 643
311 126
100 432
277 709
97 42
408 444
390 501
101 195
147 80
153 216
244 281
185 39
413 3
263 239
88 287
136 432
423 374
234 155
357 367
112 463
278 511
261 335
0 310
200 524
18 433
304 505
120 252
377 581
74 410
484 517
8 271
82 263
357 263
473 730
428 403
256 640
398 54
206 69
258 504
242 587
159 704
466 577
331 562
192 36
143 271
143 643
168 552
359 124
271 51
162 707
276 468
450 667
346 443
440 234
48 691
319 318
61 286
306 91
235 2
247 639
247 510
257 651
31 20
305 374
137 325
56 257
251 669
320 158
345 86
41 44
163 18
28 126
272 454
432 346
459 16
167 146
92 38
205 102
107 614
321 279
42 650
164 337
242 232
47 474
448 410
212 190
397 207
201 367
133 381
453 48
81 324
460 624
101 182
351 595
104 65
296 627
416 396
423 547
472 47
170 641
211 5
195 40
281 113
8 501
196 108
150 343
155 714
148 415
351 403
159 29
214 80
398 12
433 507
206 477
411 730
236 493
159 264
309 460
235 188
92 613
456 64
151 671
482 441
194 343
279 369
77 321
479 157
227 256
98 657
414 61
227 411
154 502
268 650
4 373
0 544
60 347
380 294
198 385
469 558
83 740
93 149
342 619
38 505
374 155
311 12
26 332
101 574
276 159
125 268
102 5
26 456
212 347
136 281
424 249
116 235
48 682
187 528
293 228
379 639
449 629
188 210
7 459
465 386
136 729
139 146
61 37
166 434
299 578
114 722
365 556
452 118
428 113
44 291
320 315
470 43
222 516
449 395
458 129
475 172
167 689
466 171
266 15
194 730
448 371
377 234
62 686
97 590
324 206
325 53
387 465
2 436
163 106
132 662
170 86
293 611
91 558
37 371
270 738
364 646
102 228
207 380
423 82
389 597
372 89
311 400
368 39
410 512
110 144
133 656
398 117
87 56
159 358
259 76
40 659
471 341
323 517
251 74
121 192
6 637
119 231
468 21
335 314
313 695
437 460
48 371
277 101
349 718
470 658
354 7
122 643
373 399
188 721
29 295
302 363
451 314
137 447
225 646
12 278
133 130
311 577
245 187
344 492
90 713
421 640
14 31
450 21
97 121
275 208
298 14
263 151
189 483
106 620
422 41
228 54
355 107
115 17
291 447
249 111
312 537
256 35
208 50
123 280
13 198
289 531
231 508
437 496
113 726
198 483
335 529
139 181
100 583
437 661
24 312
158 158
422 526
45 615
330 677
68 130
21 91
453 22
86 204
309 304
414 534
316 424
288 20
26 541
393 124
142 167
312 405
288 376
475 493
320 8
232 522
218 490
52 202
414 391
280 14
471 133
42 78
444 321
365 123
127 472
248 96
16 37
53 475
76 549
402 544
290 131
113 386
155 211
237 580
71 135
211 268
348 668
387 145
46 492
56 84
467 74
15 54
0 369
237 394
190 258
80 161
48 535
221 114
469 133
398 617
36 519
417 392
349 128
77 669
375 336
10 248
19 472
273 410
1 587
377 700
99 738
30 551
266 478
408 516
134 45
435 224
5 191
345 4
324 263
377 572
19 525
347 619
153 573
373 575
464 528
245 100
375 304
237 13
373 146
150 49
22 324
276 55
435 372
187 504
401 187
69 150
188 404
98 72
278 470
27 323
406 454
9 82
398 635
0 194
329 428
262 91
474 658
241 456
151 50
215 701
258 365
301 37
443 465
329 648
278 113
174 337
245 715
227 190
364 502
22 527
68 211
135 622
483 91
351 542
84 349
262 334
172 412
169 125
208 73
290 48
376 176
447 451
133 388
255 355
74 341
55 241
220 385
31 401
328 76
387 38
101 214
392 116
348 40
195 183
372 474
464 266
468 259
34 192
207 264
28 134
39 93
362 695
173 172
95 644
412 373
407 215
343 453
369 539
102 512
213 735
401 706
352 673
362 220
237 78
475 193
41 595
180 465
16 122
108 582
259 357
149 113
144 739
277 474
77 726
65 503
351 624
141 195
261 523
457 42
232 73
204 449
28 711
313 314
301 671
2 8
197 57
310 614
259 567
192 580
46 490
8 12
402 404
318 95
467 580
68 640
203 42
472 643
330 424
156 451
365 518
256 608
251 463
400 660
450 198
350 378
36 604
216 470
42 502
217 43
92 136
302 604
277 130
129 163
209 207
451 474
356 49
313 118
175 238
382 36
13 62
249 581
31 544
150 401
328 635
295 190
189 631
437 89
28 3
94 154
273 458
284 125
212 238
306 418
463 149
389 21
381 505
286 31
213 700
485 584
202 463
158 219
199 413
485 503
353 111
202 297
212 35
296 240
83 477
438 318
209 349
480 454
396 672
467 737
150 385
144 332
183 630
256 168
44 299
161 44
376 285
284 512
447 460
294 739
238 681
306 61
23 671
78 412
32 365
4 641
315 570
69 252
47 688
473 135
312 329
155 481
256 577
461 451
285 269
462 479
96 243
461 472
466 592
45 2
460 199
124 466
84 50
100 224
192 427
424 273
298 712
373 295
91 92
57 530
143 314
19 656
79 592
424 250
480 702
465 416
263 149
179 477
401 252
372 501
121 426
44 607
332 86
143 502
97 72
303 30
55 373
0 581
280 86
301 209
47 49
74 290
20 690
67 513
338 666
361 377
289 280
455 678
217 688
369 429
297 209
358 337
42 709
4 219
422 608
484 490
431 381
90 714
112 380
93 362
169 250
142 702
48 716
177 114
109 439
446 680
311 19
286 590
6 526
23 202
455 25
309 618
440 106
146 702
160 289
266 350
290 73
224 36
347 467
420 69
91 722
18 316
181 597
474 145
7 617
474 156
232 570
301 528
388 689
381 723
291 150
90 602
306 403
132 245
331 661
364 380
58 45
16 338
407 124
431 638
181 3
391 198
227 11
432 129
26 328
157 236
96 153
437 312
43 135
377 675
150 579
60 604
248 727
380 711
471 739
344 536
135 290
345 502
322 471
474 339
188 311
206 116
390 349
141 415
28 357
30 197
147 642
43 571
367 323
426 701
419 175
114 26
84 160
39 500
351 737
336 94
271 253
258 567
343 670
68 455
53 527
481 237
322 312
369 37
364 192
44 218
247 488
67 35
217 554
361 594
233 430
238 417
37 482
45 268
385 647
110 641
473 375
456 65
335 195
417 196
324 265
420 47
195 648
90 287
243 205
355 594
382 15
86 392
447 283
458 583
326 333
95 78
333 424
354 739
155 640
461 347
416 477
362 580
274 285
313 94
139 625
262 566
260 293
253 302
477 269
79 322
174 361
340 728
59 231
149 541
276 486
73 628
464 178
84 339
114 655
392 491
205 72
379 502
251 480
109 246
50 674
127 361
302 357
65 596
413 459
78 493
438 118
128 58
276 306
69 0
43 423
437 88
189 440
355 491
438 546
159 57
458 250
373 223
128 87
473 301
144 99
241 22
138 18
288 306
350 377
457 642
283 314
437 521
208 614
385 326
126 589
470 542
100 525
74 450
4 130
151 424
481 414
38 423
100 660
154 184
102 418
52 498
274 359
222 309
283 618
9 676
475 101
482 349
299 244
8 126
244 635
133 531
261 483
460 587
159 246
388 72
379 140
400 154
104 455
175 147
126 355
217 630
67 325
222 533
466 277
48 662
423 89
475 296
76 583
151 344
402 65
352 664
238 438
32 302
364 606
314 577
473 46
477 356
101 656
174 364
69 351
385 571
363 635
150 615
380 663
372 452
179 718
224 386
482 106
312 43
443 685
63 50
350 373
37 387
97 708
458 34
171 678
113 38
407 351
178 450
199 300
181 244
163 95
364 18
9 61
368 687
448 72
167 737
209 362
290 341
183 671
469 378
104 166
353 13
364 189
420 393
480 263
407 596
341 521
280 82
56 411
225 230
237 460
160 617
2 371
13 721
466 120
212 482
159 265
285 241
124 322
230 444
19 109
42 388
38 636
35 49
356 459
300 646
164 137
299 439
395 69
467 242
52 400
74 1
442 342
365 25
390 455
324 467
256 324
142 313
266 516
382 318
269 679
468 603
385 207
66 573
40 169
338 52
135 204
185 522
134 579
367 481
415 655
249 424
408 673
359 643
226 416
23 568
467 703
124 366
186 659
372 672
196 380
169 430
131 395
231 494
137 37
390 485
401 460
176 266
299 183
447 665
412 84
392 153
462 542
231 305
32 418
26 368
415 353
287 509
471 513
307 737
141 382
213 298
190 165
183 346
134 350
483 451
463 554
108 114
174 693
449 91
430 618
311 573
281 615
143 715
431 468
421 114
30 571
400 281
134 507
461 627
398 684
255 732
295 639
189 142
385 588
436 577
342 265
333 420
244 690
356 384
258 668
33 231
379 588
378 535
149 295
317 560
433 584
49 232
402 13
31 169
19 694
237 533
0 623
228 608
112 211
186 505
57 160
485 303
105 615
427 573
221 24
183 629
180 731
194 206
6 386
304 643
7 181
425 578
101 351
198 435
264 726
424 645
12 735
286 445
485 121
30 52
385 366
289 364
200 614
459 89
224 437
283 77
421 192
67 673
456 5
399 459
125 410
285 414
60 560
254 288
19 82
152 571
356 95
16 407
296 650
27 624
37 544
43 633
7 625
65 523
48 417
359 137
165 343
43 183
475 585
406 554
126 299
75 56
387 225
306 582
101 321
347 540
192 180
226 421
279 375
468 695
218 701
186 676
127 213
86 328
202 199
364 306
221 447
209 367
324 649
13 330
29 364
446 441
351 673
287 500
169 183
223 669
88 512
264 298
371 320
438 55
37 501
198 92
287 209
200 131
187 217
374 518
201 638
415 721
386 74
1 606
54 526
474 7
263 490
375 327
302 476
56 2
342 643
367 505
130 308
308 217
69 247
368 201
22 488
105 295
317 1
409 338
37 25
141 67
234 104
43 364
77 578
448 19
85 262
266 726
213 673
55 432
293 288
78 692
396 310
190 231
380 372
431 389
136 60
98 457
207 323
156 72
258 316
330 498
6 607
121 383
362 655
237 157
239 343
56 328
172 388
25 3
106 555
256 44
484 731
170 478
365 506
46 189
64 653
379 291
452 454
64 349
134 228
197 181
132 123
98 7
470 254
429 465
418 624
386 49
102 506
281 331
419 642
251 99
161 7
354 550
178 512
253 70
479 209
325 379
473 504
357 459
452 493
353 440
58 289
62 727
39 578
209 17
316 729
197 678
96 468
364 709
455 426
66 539
64 659
380 678
152 243
438 485
114 73
293 477
3 612
124 610
358 718
307 567
433 111
55 478
385 380
288 606
484 733
151 428
465 690
410 637
343 342
164 128
42 417
141 72
426 105
59 403
469 155
124 647
416 517
226 484
203 688
353 182
236 83
283 208
37 294
282 623
244 426
263 715
210 237
171 72
321 504
46 411
33 301
126 29
70 47
311 228
53 495
231 357
147 271
141 436
19 102
380 222
175 654
118 383
38 646
477 388
399 516
86 288
223 548
156 711
110 106
176 702
398 181
308 654
226 516
423 96
93 380
93 196
45 39
407 178
58 261
52 116
216 206
22 62
136 435
202 503
265 655
186 738
72 709
146 699
462 436
16 212
175 84
304 315
267 3
104 1
261 737
336 297
447 122
385 73
480 102
465 59
317 527
370 407
374 3
286 449
290 407
324 366
412 35
94 75
206 375
76 227
422 6
429 346
427 397
266 190
58 363
387 426
363 509
242 508
152 264
331 65
333 478
324 323
47 487
472 82
46 26
171 4
21 647
392 610
126 593
164 226
430 582
305 519
430 187
170 720
434 690
406 455
21 643
431 568
365 31
72 576
244 411
194 213
23 53
179 256
145 656
85 237
127 24
332 344
418 571
18 211
265 122
304 665
239 165
290 233
455 388
87 60
272 66
27 544
260 560
202 430
54 165
26 309
65 242
368 114
104 414
394 210
4 662
65 123
6 553
146 241
446 127
264 170
457 111
286 651
111 63
191 553
24 582
23 443
248 146
412 490
346 345
300 385
24 655
311 526
388 710
292 373
420 678
8 108
187 513
265 95
459 115
272 182
333 167
11 104
408 191
264 697
430 310
325 625
470 325
368 582
215 317
217 99
105 97
42 714
283 580
405 423
170 600
6 235
301 697
110 166
402 550
87 27
1 219
204 710
343 256
339 183
143 510
137 60
181 216
23 468
380 342
344 179
2 547
257 698
466 225
468 608
483 110
139 343
383 208
143 399
112 289
451 33
165 630
58 377
454 179
349 252
306 497
244 126
25 524
64 78
267 181
295 606
16 650
410 317
101 9
45 163
84 107
70 394
96 138
464 286
215 370
118 364
365 16
383 298
162 13
244 688
49 554
420 353
234 78
109 472
79 274
166 361
333 456
182 341
448 485
295 334
317 47
417 405
7 636
240 26
5 386
95 733
55 187
257 156
222 185
183 50
266 512
197 466
340 174
278 32
347 587
333 433
290 520
85 223
213 576
56 480
307 196
358 664
36 567
163 21
35 553
321 158
258 629
69 665
267 133
218 192
12 163
368 119
467 740
336 727
166 166
257 111
190 149
118 218
196 659
151 232
19 12
240 76
193 190
377 406
201 205
48 16
34 210
330 317
180 80
137 669
358 538
203 175
284 346
449 199
201 672
276 351
393 467
433 360
446 615
21 178
234 726
298 452
372 96
0 451
47 470
400 184
198 167
134 311
181 580
209 20
390 115
464 128
17 159
64 63
95 62
66 440
199 344
91 109
68 569
298 30
252 644
137 178
297 109
18 190
395 171
410 439
259 279
474 449
414 692
284 90
195 563
50 102
234 695
406 228
182 189
335 714
96 345
185 687
31 162
165 51
34 406
162 357
437 253
57 345
49 551
123 619
56 519
179 366
322 613
247 424
190 36
366 150
484 627
284 137
355 162
203 466
442 179
292 241
448 333
183 497
241 8
98 480
227 453
198 726
232 417
222 180
109 395
232 321
330 161
112 439
170 246
250 721
70 263
221 465
463 452
400 210
74 560
479 134
147 64
290 483
364 199
188 365
119 449
407 624
111 520
89 15
377 603
409 453
23 382
381 335
6 148
299 404
362 295
478 638
319 254
296 629
315 725
337 222
183 312
143 231
202 238
67 641
332 632
449 435
273 565
72 323
131 28
465 541
232 480
438 235
24 256
328 415
361 355
485 622
222 724
137 30
235 674
418 36
154 79
420 214
36 590
55 656
144 481
399 563
166 186
200 224
78 655
77 56
464 261
242 695
79 602
30 196
177 610
155 416
301 105
386 520
432 737
467 739
311 64
312 557
443 362
224 723
437 718
50 12
335 272
289 272
57 109
55 453
381 496
135 483
210 377
245 698
59 324
44 609
183 645
319 153
61 92
190 610
465 711
87 718
27 450
196 741
480 435
357 544
446 728
138 302
221 129
456 117
377 554
4 679
209 274
296 613
485 6
175 571
317 584
62 55
20 488
182 524
399 304
285 226
102 232
7 520
137 519
305 204
426 557
383 22
233 463
454 29
428 464
406 551
77 19
88 527
359 31
312 721
162 319
26 333
142 402
457 10
270 332
298 626
405 9
199 152
99 215
255 151
250 478
435 118
120 90
37 673
300 190
329 737
109 53
455 94
131 568
237 373
184 540
272 80
376 369
95 271
281 228
128 63
230 355
149 208
267 29
324 340
373 378
370 428
325 591
381 718
17 419
327 461
103 245
84 446
320 194
9 173
211 267
309 672
401 584
244 249
305 54
410 575
253 237
376 656
216 277
225 470
256 301
70 133
278 12
321 196
307 635
48 99
37 1
92 46
378 232
89 385
254 721
429 578
0 25
460 234
26 713
56 10
401 545
292 679
238 96
245 566
318 15
379 33
457 734
91 72
284 96
0 446
390 621
47 99
56 48
280 295
452 644
364 542
121 696
171 577
50 565
281 403
230 220
335 284
42 62
6 322
330 383
366 247
173 206
299 130
85 508
244 16
403 552
165 641
49 289
403 433
101 253
394 105
437 290
110 704
413 311
160 475
59 269
422 642
142 616
250 490
337 739
256 593
299 564
461 679
240 502
280 619
431 345
198 331
339 565
368 310
159 99
208 43
483 303
230 659
132 391
375 733
361 172
209 704
66 12
103 53
198 736
171 453
476 469
361 417
249 70
226 675
283 557
25 98
479 505
213 697
313 87
209 195
428 294
384 192
325 396
214 577
157 405
32 36
15 512
460 145
225 275
161 685
263 313
301 12
150 301
374 369
20 138
338 268
285 405
33 288
101 172
130 37
320 265
399 730
127 640
31 264
301 124
69 615
18 655
461 375
40 76
228 378
449 663
317 440
58 630
152 24
195 709
95 173
361 459
345 72
241 199
138 33
169 446
30 606
76 370
103 511
356 502
372 132
178 172
49 590
475 299
203 426
83 136
364 346
14 488
249 72
200 164
450 87
158 574
268 209
216 464
355 394
28 473
407 732
382 78
291 43
151 273
93 703
366 690
235 664
347 366
275 165
154 576
412 46
334 492
319 579
114 239
134 347
411 28
423 150
456 547
335 69
279 82
365 153
63 324
379 146
61 356
398 50
419 115
245 689
300 547
417 72
69 233
138 222
307 589
35 417
355 590
437 276
376 374
201 462
281 608
473 495
394 455
377 59
71 407
164 711
46 121
449 574
187 415
273 469
200 439
130 103
302 369
100 405
346 711
333 271
446 155
363 259
72 728
359 604
267 740
228 548
71 21
470 439
441 199
164 277
356 685
16 175
428 200
61 156
386 171
129 354
447 334
224 120
360 13
222 366
268 601
211 664
77 168
300 27
34 542
307 446
63 266
253 267
78 662
79 233
123 205
371 454
126 445
391 476
188 482
170 299
312 62
453 645
224 554
302 269
346 132
264 248
292 379
356 715
51 64
216 7
352 177
348 669
312 359
238 700
385 120
419 545
364 384
56 584
299 437
262 92
126 685
422 81
314 480
119 682
246 660
167 176
366 163
301 396
230 648
472 353
280 579
484 149
331 379
348 375
4 732
99 288
445 580
182 269
422 390
287 523
419 328
292 326
310 113
319 279
169 160
350 531
119 151
77 64
417 130
260 238
468 573
147 722
294 14
141 398
188 455
252 361
112 538
192 696
294 408
106 31
471 685
425 445
404 502
219 581
18 600
337 547
147 650
252 16
111 308
369 127
304 160
340 259
339 449
430 10
287 597
284 638
321 3
464 562
84 308
455 18
5 230
248 181
300 242
129 428
302 294
287 305
328 557
111 122
264 319
249 619
378 35
409 681
177 547
67 728
431 710
23 373
60 342
400 7
219 134
93 371
471 644
472 81
408 54
366 625
36 266
225 278
420 476
57 467
0 409
20 681
52 582
446 251
362 593
232 225
245 522
34 238
25 49
451 609
110 374
54 230
324 118
125 454
303 16
329 36
433 511
234 632
62 670
286 488
102 233
238 4
481 585
6 641
106 69
78 649
326 48
47 243
46 266
437 684
408 333
267 583
362 238
78 68
314 103
220 681
444 368
31 495
252 484
462 119
212 6
174 586
324 112
261 556
248 495
225 497
225 441
461 738
38 139
102 209
152 90
423 216
463 164
366 274
396 377
324 455
143 301
433 175
227 476
200 427
14 739
452 646
365 174
270 204
290 646
243 153
184 582
188 14
405 150
452 137
31 101
153 118
274 510
300 415
107 325
187 96
345 207
163 667
170 499
433 724
192 52
174 96
247 480
453 107
34 472
1 549
425 423
250 206
449 715
73 185
83 53
320 549
392 228
248 13
71 391
79 384
14 457
204 282
200 387
351 328
297 336
22 571
480 618
405 259
127 440
38 426
104 232
361 404
320 338
20 590
138 26
245 400
267 286
419 373
394 489
224 344
88 583
246 517
136 13
303 46
371 432
462 694
145 28
47 669
225 271
306 544
401 712
282 96
343 386
171 426
406 468
434 284
383 741
301 76
54 293
474 612
345 159
85 466
369 462
6 438
104 659
70 62
310 96
477 53
53 331
479 609
430 251
455 477
303 629
107 85
420 409
473 591
60 418
334 692
186 618
363 434
265 688
417 193
416 73
388 38
73 148
92 76
186 23
428 278
359 333
472 485
372 587
456 668
173 48
