423 120
29 199
333 313
221 587
26 195
407 691
389 389
343 699
114 640
196 222
327 91
49 138
36 245
115 553
453 663
144 347
59 328
351 465
334 681
7 521
45 677
412 206
409 583
23 30
366 542
261 679
122 604
286 494
276 556
105 699
136 485
152 180
67 603
344 126
435 110
165 496
344 682
325 352
39 355
33 679
331 422
348 636
360 391
182 712
15 178
2 302
272 147
313 279
360 549
9 424
244 631
328 537
376 571
27 380
485 59
423 490
415 112
111 392
141 649
119 637
366 209
249 332
424 45
445 708
449 244
77 206
180 649
408 573
433 547
436 250
199 237
452 311
217 440
344 427
280 192
47 97
165 306
274 504
190 739
416 246
205 369
457 175
189 677
56 358
8 302
97 638
324 720
18 314
255 288
197 642
364 481
5 68
305 713
128 243
378 228
400 52
373 157
248 555
280 152
481 616
115 132
213 17
478 391
252 368
81 445
32 616
382 36
413 569
218 651
451 523
228 245
206 494
14 494
57 498
435 101
116 522
137 150
306 90
374 660
104 554
338 714
203 631
410 185
483 726
8 702
63 234
358 118
228 120
381 717
193 482
31 431
3 453
220 644
177 338
126 105
275 292
422 130
459 311
310 513
46 426
95 569
72 726
206 727
480 165
203 197
351 41
296 38
345 691
435 313
48 348
419 486
231 62
147 578
197 161
235 313
57 589
141 435
361 29
385 96
84 241
156 557
317 497
112 667
125 404
219 154
349 707
86 269
33 126
214 722
82 448
97 198
222 198
90 606
410 658
338 111
347 367
389 453
196 140
253 373
288 520
452 693
259 447
356 441
485 551
438 357
414 321
205 344
288 121
104 221
159 371
287 275
415 496
436 16
25 102
379 271
244 343
200 228
75 31
133 510
251 468
123 74
68 11
25 433
357 627
429 653
182 266
91 428
376 648
455 582
98 309
150 416
9 433
36 649
459 650
103 294
153 98
372 568
210 476
442 413
281 699
221 510
248 572
197 44
157 149
407 537
280 373
415 622
12 168
349 69
204 388
366 700
139 668
444 643
293 425
484 70
157 225
362 497
38 703
383 681
165 167
126 279
481 522
184 676
60 97
282 725
484 398
17 38
46 288
82 580
260 699
162 701
450 553
353 621
77 719
194 334
73 153
118 615
405 251
377 13
46 363
385 52
465 568
75 418
469 7
457 191
78 180
116 125
6 575
46 388
277 672
435 521
170 221
107 629
363 224
427 301
13 254
280 710
93 542
353 192
465 712
33 186
62 651
70 546
275 219
485 498
452 389
185 351
109 371
164 692
21 552
4 347
323 481
9 295
114 536
291 168
370 707
247 400
190 524
107 133
299 300
352 210
80 650
278 291
330 316
220 694
480 433
111 609
476 706
166 261
253 292
121 70
95 180
417 158
0 81
10 563
164 64
470 681
68 322
15 204
433 640
310 668
90 673
5 620
129 703
392 550
143 393
25 513
250 175
341 358
449 406
304 265
25 181
167 282
272 535
443 264
431 486
188 256
5 705
260 246
282 693
293 561
483 272
64 58
20 9
372 336
263 592
257 555
12 6
39 487
7 73
211 444
345 658
256 381
14 10
304 359
357 597
87 624
58 664
437 193
127 694
207 353
461 83
410 552
28 639
44 269
169 187
346 498
117 447
375 526
466 227
69 256
310 294
472 21
386 488
139 569
12 78
21 46
105 234
77 59
265 425
349 315
422 154
124 640
243 425
41 554
306 149
331 534
20 88
151 555
33 415
195 216
28 509
380 707
158 44
401 704
272 679
155 437
258 182
240 235
472 725
251 284
52 375
265 614
294 197
344 702
482 726
440 453
162 471
63 285
351 602
0 224
126 41
382 666
20 433
251 210
205 153
366 410
155 542
31 597
125 152
113 345
221 304
10 508
86 199
423 336
468 611
379 32
79 91
282 155
44 98
125 140
95 560
78 369
399 518
45 120
164 677
425 412
37 103
424 416
123 41
394 633
331 103
48 484
152 306
151 161
15 441
282 355
468 62
92 644
139 623
145 599
446 229
156 104
62 168
435 226
297 670
0 294
339 161
222 26
334 723
31 594
120 588
85 634
161 22
281 140
327 511
166 465
42 504
18 255
406 462
381 410
300 280
45 355
76 474
189 279
243 168
355 726
278 248
109 533
211 629
369 485
431 682
268 552
378 76
87 233
385 68
266 628
211 26
474 559
472 145
258 326
418 250
372 14
331 688
343 708
134 69
6 282
409 20
61 77
405 37
53 422
279 303
101 393
38 722
265 49
362 539
241 44
137 247
147 194
18 377
98 190
92 142
391 411
421 395
131 721
419 520
450 528
461 117
463 255
294 10
454 283
300 377
482 555
385 664
441 333
152 58
389 375
429 687
419 59
184 713
382 331
175 542
131 374
305 722
369 96
424 211
355 385
334 153
208 320
31 127
244 652
174 655
452 711
82 127
7 711
152 31
330 435
83 318
365 120
400 710
331 245
124 468
429 509
378 438
443 384
441 578
201 116
101 171
173 242
180 696
315 278
289 165
85 181
359 314
166 704
253 181
281 390
242 37
240 612
387 189
300 213
341 710
365 427
81 299
239 347
251 147
216 206
4 585
155 480
220 243
199 697
0 288
138 251
283 34
306 29
206 491
469 741
112 344
10 596
369 448
25 82
333 539
159 689
17 490
256 112
391 366
305 517
328 574
417 463
156 391
356 607
323 45
332 11
95 562
445 21
307 272
287 184
388 566
377 288
15 495
86 569
404 310
484 614
75 738
59 371
451 368
399 502
218 629
100 227
169 249
26 735
272 248
86 488
439 549
87 394
244 670
70 173
331 277
180 150
438 682
116 121
73 651
475 355
315 260
406 655
65 59
308 508
173 486
484 663
67 10
400 655
301 461
48 634
330 16
448 640
271 164
275 178
76 170
134 284
331 305
102 610
311 120
261 731
200 589
299 196
18 411
297 229
16 288
336 292
273 110
186 601
212 666
47 517
477 607
418 543
313 20
152 89
66 523
325 100
129 213
47 450
294 429
179 643
463 279
434 677
479 46
15 154
114 359
369 398
395 160
475 704
36 426
59 491
283 490
124 652
388 100
155 319
200 450
480 514
76 669
143 251
132 432
432 707
411 109
45 731
185 504
421 174
272 536
178 259
174 441
28 33
299 251
144 311
253 692
227 67
302 415
188 257
376 446
171 587
259 523
149 585
254 415
13 304
85 315
254 37
459 736
337 206
436 17
160 712
84 233
100 296
128 70
68 680
303 244
352 219
294 281
9 663
14 208
389 702
329 3
125 217
382 342
273 289
31 41
312 559
272 185
391 331
430 70
11 180
311 690
364 523
151 663
465 49
18 560
483 636
0 632
218 216
455 416
281 416
231 558
373 567
204 150
111 730
33 331
478 462
67 545
248 527
267 223
389 525
385 676
52 382
27 445
411 326
184 665
386 138
415 274
250 603
474 247
355 331
314 449
121 665
17 251
27 108
352 586
279 383
391 656
396 437
316 355
5 190
274 303
213 456
409 81
354 79
359 451
33 122
230 280
336 184
323 672
478 55
84 313
131 413
183 688
326 677
62 36
292 459
238 360
136 99
102 76
35 264
170 678
85 364
414 542
306 198
177 516
131 369
419 713
423 344
68 19
156 52
73 693
295 201
143 133
5 559
17 271
393 55
114 456
237 698
372 623
211 411
326 566
77 373
214 362
33 88
107 588
466 555
265 211
12 377
217 549
478 176
176 273
301 298
202 554
12 432
104 176
434 129
305 579
400 420
337 229
83 389
166 408
16 343
131 493
299 281
240 250
106 395
207 108
439 316
369 440
53 141
92 688
287 541
357 245
295 289
126 545
240 373
82 458
49 256
468 200
184 134
85 260
199 503
347 351
389 457
158 581
411 434
245 217
129 132
481 324
406 165
386 435
371 4
198 596
452 376
2 419
431 694
45 594
195 737
170 195
301 30
456 474
327 255
204 488
354 236
3 242
152 72
459 470
187 582
347 118
310 588
139 351
285 535
3 305
115 244
184 276
299 488
331 708
246 267
327 229
370 650
360 508
8 609
385 150
126 342
138 683
253 631
119 148
218 473
68 566
4 202
424 610
90 553
295 8
107 379
112 641
405 621
45 240
392 573
88 246
478 98
432 194
86 249
327 684
418 454
180 467
26 105
447 279
359 444
217 481
463 433
113 366
351 627
208 407
409 499
425 439
116 732
247 479
294 582
68 428
321 731
140 544
46 644
323 722
424 344
15 102
98 326
398 686
33 204
448 13
329 617
40 166
67 211
39 699
88 472
344 319
79 13
260 14
266 578
299 356
366 341
447 300
481 545
85 216
327 736
249 534
96 591
170 269
231 540
196 340
404 75
340 278
49 11
427 1
109 145
265 594
412 436
395 305
155 221
471 259
302 721
171 375
311 210
374 156
264 422
163 226
482 221
293 3
31 112
370 676
145 176
151 220
162 591
72 496
88 340
239 466
250 509
131 444
111 583
219 146
10 333
8 181
265 697
50 720
401 276
102 167
217 36
300 614
405 56
170 113
268 686
88 489
464 256
20 503
418 376
52 586
399 191
340 491
290 685
428 91
133 645
447 733
482 652
215 309
62 560
281 527
381 560
146 566
10 434
239 253
374 344
124 536
309 704
443 257
407 24
369 520
79 171
42 6
399 698
186 678
123 68
298 333
79 408
155 5
96 268
166 91
459 109
355 540
77 85
122 350
178 156
128 648
293 154
320 570
113 513
135 116
51 224
352 59
321 107
274 162
259 40
371 427
147 118
85 604
105 129
226 274
477 77
268 606
445 624
259 435
400 388
117 101
476 131
314 276
31 25
25 439
478 285
47 399
386 165
31 646
14 118
465 33
350 738
45 640
428 408
356 717
270 741
477 33
355 612
341 146
108 185
6 250
32 242
439 571
169 325
158 567
441 492
4 375
172 194
29 94
123 237
432 653
361 491
53 639
429 298
276 686
115 571
216 48
83 130
309 656
307 724
298 357
425 70
112 628
253 206
48 229
52 370
293 503
130 148
102 149
355 165
10 260
442 150
337 655
459 700
220 252
321 102
422 583
177 168
265 561
186 697
264 43
249 114
354 292
427 396
320 256
67 525
349 176
415 538
74 576
113 346
316 93
6 93
43 413
239 644
201 64
396 544
58 155
169 19
482 318
10 711
109 579
401 550
140 72
225 313
399 240
8 99
158 588
44 244
164 507
95 702
264 187
330 144
152 166
318 391
119 31
235 694
437 387
309 638
292 223
270 156
282 46
415 327
395 82
473 100
307 173
137 454
391 717
473 456
14 122
281 110
15 311
13 572
127 660
159 687
87 67
9 102
355 486
267 387
424 736
464 342
203 295
472 101
101 272
296 108
390 579
405 317
132 659
92 582
396 99
142 457
139 601
3 256
98 254
382 118
183 448
136 400
15 229
125 82
368 432
183 83
447 426
79 480
297 295
308 369
418 544
372 421
329 382
319 594
297 166
390 325
284 532
463 610
355 339
458 71
436 69
448 205
319 432
329 218
206 495
451 15
211 34
21 115
304 337
55 123
51 472
148 269
436 78
401 582
72 252
151 649
49 733
63 508
154 6
405 605
204 424
273 298
113 632
37 396
356 515
312 134
179 612
17 579
45 496
300 66
268 529
95 57
283 234
2 58
38 641
36 640
166 507
330 704
306 563
155 94
85 248
380 353
313 154
381 731
434 621
152 672
139 261
61 426
396 222
302 718
215 361
79 90
410 75
97 117
66 497
391 79
347 741
368 525
434 688
435 37
319 700
149 559
63 286
323 539
146 417
256 383
170 187
452 17
302 401
226 133
483 97
285 594
413 413
399 141
414 467
298 280
56 686
339 78
389 650
272 403
83 84
140 427
104 656
279 329
351 514
236 160
328 254
1 47
277 264
89 617
84 331
4 527
245 30
292 549
131 14
407 112
79 532
485 700
72 76
40 309
417 270
277 385
322 248
338 571
485 130
210 464
420 55
394 409
102 512
168 576
373 509
175 602
5 524
129 617
232 579
391 575
428 346
53 556
26 564
296 233
363 532
437 405
244 130
281 131
159 110
379 342
203 687
179 685
30 561
9 460
65 451
22 101
27 612
399 635
18 596
471 323
297 429
401 317
103 84
242 722
146 556
88 571
300 206
320 403
395 84
25 337
458 531
480 27
403 712
33 690
298 271
256 284
483 176
168 459
137 199
276 534
132 166
309 701
367 187
83 668
362 93
395 471
345 663
60 674
210 77
34 486
219 476
351 244
223 674
421 338
277 343
147 428
220 205
49 390
282 224
322 706
86 339
464 338
364 497
289 468
14 335
52 690
208 72
365 597
86 60
470 450
358 366
34 222
478 741
78 590
361 386
460 491
263 737
389 209
223 431
263 24
81 151
38 230
439 423
250 424
405 280
117 719
289 271
86 350
33 416
115 212
399 705
86 588
131 403
422 220
104 143
277 525
46 139
262 244
35 371
0 199
342 461
303 700
105 458
145 199
433 597
485 703
165 314
77 638
48 134
325 637
51 522
390 100
144 714
232 423
484 146
0 62
139 65
238 696
147 225
449 272
384 587
308 94
145 54
469 267
159 213
29 257
14 276
23 282
306 612
126 685
427 78
435 309
456 156
374 139
293 556
268 343
0 674
115 682
398 62
215 734
139 485
166 207
343 587
97 301
433 404
173 290
10 380
280 643
367 190
222 652
175 111
11 242
174 321
198 513
460 685
383 185
76 657
420 204
370 475
466 361
116 488
133 552
266 241
437 233
256 10
384 520
119 140
58 571
83 34
318 161
376 614
471 680
393 250
452 586
466 170
53 352
13 688
150 0
228 290
423 547
97 463
451 1
55 86
48 247
442 329
366 51
399 190
116 2
390 140
390 197
287 301
328 34
248 383
142 1
481 278
150 138
88 162
429 297
39 478
214 292
450 23
381 453
464 722
249 545
243 33
348 93
415 66
322 699
98 360
291 126
458 608
405 651
111 219
378 214
80 275
269 127
118 262
121 535
209 565
5 78
5 596
202 326
423 244
70 145
41 165
9 618
384 629
31 535
27 374
249 306
245 300
441 307
187 658
238 122
300 482
101 270
221 573
410 549
325 120
69 571
352 421
95 351
79 394
423 131
370 642
47 459
327 561
102 91
467 462
477 59
266 575
144 429
301 334
57 669
20 533
397 89
92 214
259 406
19 410
362 670
192 301
357 107
458 13
483 260
292 732
432 714
96 191
332 595
241 418
245 534
347 87
404 566
125 9
122 715
290 2
303 576
473 126
419 314
247 446
397 317
223 202
369 106
459 7
199 48
68 664
347 196
111 639
195 664
13 231
325 566
409 729
86 553
124 616
46 448
289 602
302 113
304 207
210 179
70 469
397 238
419 203
70 264
139 323
133 211
349 306
267 687
75 550
134 311
479 3
140 587
157 500
239 696
473 97
281 400
150 469
67 659
344 275
147 227
6 313
205 585
422 205
384 21
422 243
352 339
219 603
58 482
204 127
274 605
105 428
328 293
255 173
395 591
307 239
427 568
79 438
411 674
134 623
405 223
89 163
127 493
52 364
283 641
449 642
199 715
313 618
453 411
365 450
0 8
106 641
242 551
80 162
414 565
475 560
144 160
69 512
445 424
72 306
120 371
482 159
400 521
222 283
59 201
120 128
340 332
395 630
186 360
316 312
255 579
273 296
42 8
147 612
184 239
393 395
205 639
2 387
269 711
460 317
300 558
56 388
265 544
108 425
242 700
291 669
76 663
336 701
63 706
89 348
150 87
315 297
173 325
277 56
418 635
171 502
141 412
285 735
481 478
425 566
297 222
226 578
212 111
474 672
421 454
90 705
369 76
213 591
171 93
119 217
83 551
250 98
390 219
419 538
57 20
385 185
413 391
278 457
185 576
292 192
50 390
445 567
188 741
432 570
278 437
341 41
21 432
366 532
318 597
141 109
166 719
449 539
312 645
480 369
314 637
52 396
355 692
141 599
8 620
270 332
477 215
184 721
449 367
377 680
49 681
94 606
146 277
99 632
8 511
47 170
373 665
447 237
16 652
379 469
412 644
473 516
98 532
216 498
200 152
317 326
62 402
120 501
157 560
108 235
142 546
406 58
408 579
242 197
448 148
195 192
315 656
203 504
177 400
109 483
454 248
329 367
68 44
482 52
21 211
137 225
455 381
190 42
116 378
422 192
74 206
451 329
166 474
323 414
171 280
442 445
7 280
370 496
323 626
301 602
365 327
197 261
39 707
357 640
12 501
275 277
460 308
140 666
77 172
351 420
48 205
199 631
46 633
415 281
261 101
133 386
330 652
167 32
179 15
326 514
174 345
111 680
447 573
84 266
16 229
248 359
83 656
416 181
17 481
258 457
313 153
281 681
338 617
348 603
139 731
433 728
480 39
52 694
94 270
286 320
423 357
53 471
3 410
91 460
102 131
472 415
242 614
33 199
269 414
212 71
418 6
91 584
299 475
95 408
445 593
332 536
270 595
473 501
322 180
32 351
48 440
143 145
286 691
188 566
403 169
174 283
312 452
481 525
132 609
270 345
312 411
346 557
417 443
120 603
96 72
407 376
334 282
366 228
326 669
123 675
76 206
452 317
61 690
479 319
217 577
46 174
191 23
403 540
101 719
118 397
391 519
221 387
295 192
121 706
93 5
22 449
96 726
326 545
321 301
39 43
388 468
464 294
9 741
101 541
395 331
363 378
396 380
393 76
218 670
275 289
452 602
332 657
111 471
293 228
317 401
414 680
260 228
340 258
135 383
121 581
320 706
145 397
235 519
312 567
442 91
106 333
374 70
112 498
53 22
221 48
391 49
169 51
19 707
250 622
131 525
386 676
439 190
377 527
190 350
423 54
216 410
448 460
203 37
451 486
247 184
230 74
404 297
317 161
163 655
231 199
346 588
290 269
474 321
429 735
73 348
364 381
445 398
393 586
365 151
65 595
22 432
268 543
368 581
90 681
153 705
277 533
39 453
121 529
50 473
409 613
424 226
72 677
215 504
144 691
115 10
364 280
255 42
322 385
422 140
418 164
13 596
161 151
118 523
178 59
229 358
441 559
186 32
16 663
235 475
61 261
218 523
404 416
218 156
434 566
368 586
39 372
355 25
66 456
5 4
159 212
187 491
181 160
319 579
63 553
136 563
443 467
378 207
472 533
302 51
236 327
8 59
392 517
369 587
350 502
315 255
263 553
337 573
36 5
445 140
438 162
338 258
92 359
353 172
383 567
180 365
337 307
292 21
460 568
370 433
69 521
239 407
312 275
330 387
366 560
245 664
307 624
60 330
209 283
174 197
157 589
399 619
243 619
434 144
103 657
298 609
235 229
338 59
387 82
224 61
2 409
141 467
386 462
327 188
354 74
242 383
98 545
462 246
238 448
270 12
220 344
134 661
290 392
91 146
294 395
233 735
299 58
1 77
202 388
387 707
389 170
82 639
199 361
353 48
149 246
303 38
413 313
294 494
410 727
292 584
456 704
105 1
372 340
52 259
467 97
226 204
226 150
56 714
468 282
203 222
130 671
145 118
390 89
198 330
336 583
261 225
97 177
101 169
219 133
15 113
151 148
11 704
241 712
73 653
84 22
305 550
400 86
407 307
140 667
329 502
111 592
146 582
461 133
193 652
370 199
174 616
265 498
3 77
391 528
200 266
181 302
199 663
142 444
126 280
461 456
432 588
130 302
354 309
0 319
330 78
456 481
246 737
15 351
463 256
414 227
18 433
211 226
173 432
450 88
66 394
102 307
254 610
321 237
82 724
161 360
339 366
437 689
125 170
286 296
472 295
468 517
280 375
73 314
441 468
77 183
314 38
114 48
460 259
85 108
24 676
384 327
153 310
318 112
301 640
479 733
216 163
129 398
194 370
93 491
61 14
484 488
262 304
242 16
239 374
332 521
282 610
207 360
68 362
100 374
158 83
231 334
76 165
200 163
266 545
389 121
357 516
423 176
243 295
316 225
78 278
429 547
232 207
37 581
185 642
68 87
434 169
302 517
481 41
320 65
374 92
150 19
210 460
191 683
172 105
461 729
427 727
419 504
49 447
172 529
454 391
40 482
65 276
374 553
84 288
125 28
479 385
203 461
198 124
299 660
396 674
433 577
449 313
220 591
441 0
389 84
384 273
263 329
42 328
473 521
288 651
152 214
48 662
112 418
211 429
49 679
16 517
335 271
302 203
39 507
318 326
350 654
18 175
444 303
64 76
365 150
433 143
67 56
373 314
239 309
342 388
430 153
91 615
260 409
462 100
399 382
120 189
459 402
88 253
460 368
0 465
295 59
188 391
309 350
426 532
435 304
474 649
454 474
108 9
280 297
264 477
131 221
321 579
134 250
155 313
366 181
124 417
360 124
465 553
246 501
59 401
266 326
181 661
41 679
247 740
89 44
409 101
10 529
259 596
238 499
293 614
453 390
170 415
221 698
238 626
339 154
303 720
30 339
360 425
362 428
480 474
268 594
182 410
185 69
276 54
114 429
216 401
132 237
23 166
318 591
302 259
157 392
387 435
463 150
223 417
258 278
212 349
382 174
74 531
228 720
408 289
86 144
214 696
338 420
367 301
5 315
112 285
42 134
244 142
450 310
83 698
289 410
106 197
371 730
97 720
402 444
380 213
485 619
104 542
146 498
334 735
31 524
383 113
431 368
234 19
147 687
13 168
457 489
155 508
396 487
234 271
428 658
456 183
294 58
433 457
462 298
465 289
477 36
238 660
290 113
68 238
457 121
355 128
156 479
178 499
308 3
266 466
462 113
228 603
125 164
156 618
477 614
129 288
189 62
327 387
55 222
377 145
200 658
315 713
25 182
311 705
339 308
422 394
162 435
276 466
472 613
276 546
473 547
395 271
333 637
116 88
13 579
102 0
210 705
128 264
85 717
160 335
38 60
279 203
318 152
223 378
458 602
299 367
395 142
204 645
126 20
237 639
156 268
221 444
297 98
316 270
145 738
243 287
56 303
430 327
96 388
220 425
450 152
206 313
361 388
315 709
39 353
77 479
201 611
459 175
399 676
372 394
20 392
435 426
426 733
485 324
65 509
259 680
283 17
296 317
24 567
313 684
435 150
322 677
352 450
211 634
349 11
43 633
359 345
446 470
395 242
441 446
54 636
243 368
303 656
83 520
178 263
306 189
148 592
445 477
254 492
92 114
414 710
163 704
20 641
174 238
133 654
399 430
314 299
240 432
352 725
107 428
284 683
360 271
113 618
394 623
90 235
5 328
200 408
207 136
296 737
310 233
375 263
198 506
226 582
449 47
433 163
9 622
480 261
225 454
482 191
339 707
11 528
251 486
475 512
100 208
439 576
302 276
285 214
33 620
61 307
304 47
215 261
417 237
197 89
96 93
410 690
267 267
175 681
414 550
256 697
443 318
367 157
461 615
264 650
266 684
266 2
7 334
352 198
245 736
275 316
172 561
252 540
181 65
35 38
319 303
52 110
470 664
464 191
5 526
102 714
420 241
231 591
440 367
121 739
61 32
328 449
353 380
5 302
171 495
280 402
350 590
389 467
272 547
210 154
356 188
254 124
240 119
32 717
223 165
393 536
133 619
198 710
80 183
257 89
373 272
437 671
272 401
204 657
450 336
113 8
325 582
266 508
444 173
150 577
83 484
356 504
130 708
437 70
181 601
49 286
450 149
481 649
277 604
150 572
166 236
450 255
316 320
274 83
200 741
190 111
1 410
319 251
350 239
345 163
291 190
134 595
172 0
184 55
205 430
393 564
312 562
37 392
391 629
130 165
429 654
291 619
18 510
325 131
114 560
131 569
92 338
369 323
78 709
467 346
225 384
145 135
16 63
332 423
102 22
252 695
196 296
410 434
191 482
158 116
177 114
168 407
476 87
180 51
343 348
182 727
152 716
82 37
89 29
67 142
332 566
361 300
159 700
433 571
252 456
268 261
302 473
225 51
356 330
472 402
479 741
304 648
480 404
288 629
356 36
104 446
155 710
84 430
11 468
124 59
19 444
387 191
116 241
160 248
312 505
100 375
76 131
311 180
201 16
71 408
334 351
200 412
7 589
223 455
176 74
71 622
180 578
468 547
403 175
56 411
401 137
148 324
298 398
396 502
66 331
277 540
2 209
340 710
54 214
136 242
72 516
471 605
297 286
220 632
21 283
415 353
231 7
417 341
337 40
406 452
457 625
191 216
130 191
207 333
288 34
18 291
107 152
443 724
200 524
278 258
132 366
375 232
141 177
123 701
407 141
118 573
102 434
128 567
265 717
39 457
319 654
75 501
91 218
434 130
430 12
132 672
386 318
273 114
71 68
79 146
206 97
13 233
40 79
109 66
336 288
331 290
360 649
4 77
214 651
415 152
127 483
213 104
307 326
348 140
318 481
289 631
350 233
453 540
90 661
200 299
246 26
63 115
478 270
266 154
22 591
314 423
56 441
375 498
73 62
113 688
235 703
121 95
255 544
406 305
291 356
111 486
350 210
52 340
86 665
473 216
51 413
373 38
273 706
231 299
131 176
198 224
75 646
210 237
194 310
164 170
412 114
412 684
482 246
234 567
476 709
32 716
453 44
187 670
62 17
209 92
395 700
315 156
123 406
342 36
126 733
280 645
158 506
321 518
278 732
44 142
62 115
117 97
362 74
178 280
11 414
175 707
469 655
353 116
309 97
405 313
136 614
373 376
446 269
197 149
90 315
298 565
139 227
306 533
139 498
371 373
70 600
428 586
53 370
296 715
235 673
218 685
447 520
169 603
405 271
445 108
296 224
87 395
66 390
107 159
267 270
244 730
35 568
334 625
463 200
209 122
66 367
449 176
130 138
185 206
264 622
294 629
324 333
127 597
7 471
113 170
234 272
237 258
321 16
411 316
159 167
310 715
252 263
135 423
472 300
57 690
272 123
312 731
427 715
257 509
180 501
409 389
274 328
321 11
159 237
41 535
440 400
328 435
427 313
413 323
262 438
415 338
271 550
301 86
249 16
316 23
375 17
359 416
88 18
479 681
398 8
369 332
129 182
189 135
289 284
383 267
331 554
157 610
419 452
150 133
172 436
156 277
101 621
456 425
86 273
84 112
66 355
451 71
194 592
352 439
20 175
241 470
210 40
202 218
461 560
328 710
402 507
303 278
211 200
467 106
124 160
85 363
478 471
378 599
422 718
485 399
154 8
77 385
336 68
217 252
441 51
440 30
453 237
309 700
30 185
362 612
90 135
19 169
482 614
386 646
405 558
206 101
466 119
314 251
463 362
33 610
300 207
279 222
309 107
72 261
417 657
15 103
159 175
323 228
405 276
304 202
20 96
394 194
154 530
21 639
21 356
470 414
447 325
311 708
214 166
38 101
293 182
477 245
45 26
184 294
158 248
480 594
224 10
26 631
436 83
321 429
430 90
172 69
207 96
7 305
92 77
438 492
345 53
319 550
24 626
43 472
439 595
227 80
192 364
374 42
363 222
174 171
279 573
40 632
470 204
287 119
118 306
322 72
334 629
285 84
420 686
342 712
153 15
454 689
47 729
283 477
254 338
341 367
172 519
40 713
55 285
175 309
476 40
21 617
361 411
400 164
130 734
370 507
168 467
191 86
197 397
219 739
460 322
461 88
94 289
107 279
392 497
67 122
281 328
466 184
284 152
331 656
188 573
81 5
183 188
464 720
271 390
456 623
378 331
231 560
177 561
353 498
172 53
37 223
8 120
46 638
286 294
6 27
135 20
232 427
351 93
334 60
365 512
35 562
211 432
437 77
198 206
39 602
81 646
2 266
146 182
126 712
38 129
56 427
433 403
369 34
260 511
381 205
292 721
244 603
482 96
215 78
451 495
160 55
447 720
257 369
371 492
51 602
101 364
352 554
48 178
145 589
456 138
312 130
1 596
53 571
97 601
61 533
27 195
225 588
275 50
274 450
355 573
371 699
113 118
245 403
350 661
102 173
150 467
41 141
461 382
91 702
19 16
375 375
309 631
133 700
485 609
107 556
442 503
141 16
340 392
379 525
362 111
102 169
180 464
196 75
343 89
361 571
303 653
165 198
457 587
121 207
286 361
154 517
143 586
74 629
310 720
336 21
259 73
392 705
85 433
456 38
213 350
242 196
194 364
378 385
211 399
65 239
88 665
127 287
311 485
472 330
476 525
342 159
166 156
161 644
225 666
393 405
92 37
214 639
146 555
241 350
64 402
84 268
351 423
202 351
132 594
299 6
82 298
280 451
80 54
110 226
2 418
420 692
121 145
449 470
475 501
260 70
293 262
117 152
435 12
461 72
26 361
295 321
401 371
207 365
149 85
468 421
464 259
174 458
69 602
338 398
102 480
39 305
399 302
465 84
307 722
475 204
444 462
293 576
209 401
346 499
257 433
233 426
358 453
130 490
246 556
477 454
342 188
455 527
394 268
423 41
457 504
272 224
100 187
423 210
117 736
427 168
340 233
39 545
440 741
202 635
70 516
277 694
252 740
425 189
163 96
312 466
260 496
306 278
277 129
238 580
152 275
448 566
102 384
20 457
410 193
161 63
485 733
350 246
285 424
461 329
438 232
330 431
454 152
332 365
48 424
75 44
175 70
328 524
257 547
248 92
94 577
59 639
196 360
400 689
86 43
167 87
397 419
259 403
286 614
461 143
418 410
304 143
455 208
233 172
142 34
73 369
214 78
435 271
38 259
111 210
271 14
280 204
389 99
10 91
4 76
87 66
351 140
146 506
469 437
99 560
398 351
46 262
101 331
6 601
224 129
57 526
232 246
203 562
456 655
65 491
284 378
160 287
283 269
318 603
21 461
245 485
170 471
65 304
281 658
317 601
222 236
307 237
420 568
98 477
194 67
428 624
180 308
124 311
191 522
218 127
227 246
468 593
129 738
327 32
330 363
392 687
97 490
404 171
132 141
313 167
471 85
135 656
369 261
400 3
461 623
314 51
254 129
446 47
309 13
189 543
63 535
23 356
9 392
366 441
190 195
353 63
88 207
360 715
283 360
460 612
107 353
452 680
353 642
168 125
389 246
50 125
370 151
450 217
186 426
190 480
164 199
367 683
358 720
93 245
191 150
26 123
255 451
442 449
143 310
14 115
9 136
437 443
391 375
236 165
297 254
24 324
296 156
162 227
116 129
476 407
0 413
220 14
209 242
441 239
372 497
139 36
101 573
300 229
294 384
463 121
282 540
204 117
36 431
477 367
450 62
280 628
474 521
41 718
403 194
51 404
409 689
426 691
119 237
131 673
119 119
176 333
372 214
78 485
294 505
440 432
133 338
158 128
148 612
111 390
165 672
459 331
423 414
132 692
220 320
481 607
67 526
441 82
218 623
356 590
266 24
143 541
247 386
0 711
306 47
474 442
145 658
347 145
218 656
91 93
374 714
437 37
92 253
340 244
207 61
72 297
249 176
293 700
329 327
52 151
298 38
130 28
325 699
355 213
231 699
89 188
206 331
371 375
120 156
173 77
423 191
354 76
70 297
35 230
388 275
51 721
113 154
455 55
172 22
133 236
297 46
302 54
285 628
188 624
342 424
164 253
443 599
241 124
3 13
233 732
160 728
191 706
242 668
227 324
171 655
391 230
93 200
470 524
461 169
370 364
300 469
262 524
363 423
465 237
227 460
381 689
15 524
102 314
361 656
363 714
281 520
353 244
359 735
280 48
335 738
90 218
16 106
120 668
131 80
418 434
391 647
334 89
337 274
473 174
481 668
308 722
408 335
195 281
127 42
67 700
157 466
378 136
424 473
138 631
37 647
138 72
434 371
225 240
431 410
191 234
236 505
340 523
146 119
54 142
407 113
276 524
71 211
158 0
451 135
177 546
380 132
333 382
290 71
195 394
110 32
187 222
39 635
323 158
328 190
365 577
77 38
444 448
355 433
77 4
324 379
190 477
345 290
19 86
333 497
21 191
453 385
248 68
90 618
39 519
113 741
120 21
462 687
331 72
379 429
129 546
218 26
188 420
399 536
470 310
476 390
463 366
266 129
269 507
263 555
252 298
277 49
128 560
76 461
414 201
247 531
482 371
108 485
98 464
236 107
214 365
260 75
211 545
269 432
61 325
137 293
65 156
179 32
473 596
161 464
115 71
233 572
226 132
352 460
209 704
324 253
349 97
235 583
45 298
405 17
182 450
15 315
323 673
430 221
25 562
242 132
67 703
196 692
445 532
42 231
100 26
110 258
148 536
128 13
476 682
245 619
343 214
151 587
451 454
155 251
400 394
453 355
217 205
215 576
174 318
31 433
7 369
40 129
223 74
133 115
172 447
371 709
170 236
448 574
153 409
375 597
99 162
409 227
212 130
3 602
188 458
15 455
53 226
151 277
46 330
143 114
276 302
377 212
46 588
8 72
207 602
130 690
360 536
421 396
168 251
381 154
32 533
269 506
15 19
105 616
124 37
45 202
294 139
127 379
5 272
320 520
328 44
303 633
399 29
97 147
234 529
181 185
30 223
76 19
191 317
155 243
54 592
248 484
470 293
174 153
2 352
319 604
149 126
77 353
29 233
212 92
198 133
41 94
287 447
14 460
330 5
118 597
379 275
347 34
269 42
455 156
320 72
227 700
231 333
190 604
192 258
484 513
438 649
224 498
458 123
208 162
253 125
384 580
245 729
238 738
386 228
316 129
385 334
113 68
121 475
87 138
444 149
161 62
55 335
151 202
465 25
11 549
136 40
350 320
463 475
93 654
279 332
325 341
385 369
178 200
244 168
111 478
387 166
183 227
411 517
382 46
155 548
413 53
119 457
365 443
192 213
215 514
275 655
396 652
276 273
142 714
423 579
184 85
382 104
121 576
331 10
334 603
338 543
322 740
157 237
448 381
297 581
390 723
127 69
266 297
83 571
458 147
104 436
205 464
56 585
345 432
327 660
144 673
395 108
220 130
293 225
49 151
93 452
175 217
425 101
425 96
177 151
378 307
371 76
178 491
312 305
74 61
335 685
331 137
8 739
91 183
310 383
20 430
130 174
424 83
114 562
479 650
450 208
215 310
247 37
34 53
62 49
418 165
223 701
308 432
195 566
89 258
190 349
131 396
101 738
372 347
307 179
192 387
93 677
178 537
29 711
376 723
448 208
189 563
275 408
172 70
309 201
256 278
36 571
105 371
249 736
277 492
141 215
381 356
63 294
222 675
373 279
131 209
8 738
415 330
292 532
484 318
289 484
14 342
418 362
110 467
168 131
302 243
5 485
122 214
43 553
26 608
119 78
20 514
461 102
34 629
389 610
253 613
25 296
364 74
141 304
138 247
116 220
415 143
461 610
439 310
270 42
441 556
242 716
443 664
237 739
47 727
164 337
423 99
346 543
74 366
174 402
104 170
145 488
283 553
258 628
419 631
149 471
301 419
32 104
473 83
265 105
78 69
93 157
111 51
247 315
478 71
64 249
247 282
127 48
353 601
292 565
298 65
248 361
317 234
52 462
218 467
256 335
261 20
439 288
202 2
251 30
277 30
31 35
223 244
227 414
113 452
308 95
133 132
438 606
439 246
282 265
139 222
272 469
182 249
63 441
427 567
237 664
200 706
482 126
222 140
225 68
418 386
344 669
163 436
155 458
246 43
80 353
339 388
137 493
72 623
105 735
221 408
130 226
317 588
163 510
293 13
333 178
7 635
429 512
298 43
0 391
125 560
4 718
228 299
259 30
219 311
232 210
190 659
208 593
231 605
190 207
365 58
143 171
151 546
148 439
1 528
416 253
90 591
328 694
52 505
243 469
465 343
216 170
7 362
352 61
211 664
295 569
149 637
294 41
460 469
252 289
296 370
104 230
214 459
384 405
449 321
455 110
233 27
413 249
420 40
296 50
152 579
326 202
161 582
246 54
267 290
176 94
92 298
244 250
245 505
110 442
276 176
163 111
233 261
194 32
251 437
311 15
407 83
117 191
456 203
6 736
241 616
383 445
428 533
445 467
25 107
318 599
367 473
328 689
113 33
301 141
398 631
96 563
49 361
83 319
325 445
456 458
402 51
313 234
217 130
471 295
433 624
300 305
306 224
337 662
388 637
481 284
98 187
44 294
136 257
171 323
152 626
231 456
237 718
262 355
332 515
347 35
371 196
358 45
335 498
440 356
415 539
297 373
397 615
371 325
275 625
397 381
332 698
233 146
409 245
232 341
130 264
49 222
454 491
118 578
229 249
228 65
103 70
364 733
377 359
179 507
263 678
337 39
222 273
385 716
330 507
411 134
373 19
287 355
291 29
324 387
157 121
257 344
330 195
156 554
467 634
59 2
200 222
344 49
337 572
117 117
419 471
250 326
368 89
291 407
241 649
237 582
449 255
309 126
229 107
187 193
179 168
460 444
158 92
116 61
390 12
481 250
85 383
271 725
122 122
44 78
388 313
414 360
71 162
149 621
211 86
168 589
428 177
200 505
77 283
25 571
170 51
12 183
285 722
154 518
74 712
88 488
443 275
468 556
319 674
420 132
309 628
269 345
360 235
234 205
141 557
387 30
127 449
431 492
271 517
346 133
272 395
436 108
107 514
53 46
256 308
82 526
475 18
429 549
109 164
285 470
325 230
107 480
321 517
466 65
47 39
248 243
118 6
41 177
270 65
319 236
17 219
32 508
468 731
122 20
464 597
318 26
243 638
17 213
123 18
211 590
433 503
38 309
211 280
464 167
56 23
238 143
398 539
395 227
12 697
160 645
467 656
434 56
465 48
219 696
381 326
225 343
296 184
33 622
374 202
352 50
124 334
386 616
384 28
317 342
269 44
365 75
368 295
61 540
391 601
423 522
246 704
285 561
347 26
34 6
163 622
125 659
209 631
130 179
130 266
440 94
303 116
106 706
127 75
35 641
410 482
224 677
28 154
458 587
215 686
465 57
410 457
272 167
226 431
361 608
386 222
9 555
188 59
21 204
186 198
233 368
261 471
241 52
332 544
42 58
64 565
230 470
448 52
157 657
473 373
322 71
456 174
400 436
229 293
74 469
153 441
253 252
290 675
202 444
411 636
481 564
146 54
349 554
458 183
221 671
299 222
25 341
70 72
21 677
222 76
254 286
454 217
156 38
432 683
1 567
425 389
454 625
136 141
117 461
328 188
157 599
261 697
119 271
401 567
87 420
116 130
292 588
396 333
105 568
119 160
414 713
435 692
189 172
317 643
406 404
47 605
429 683
230 133
242 528
15 174
25 662
406 668
357 702
385 259
351 181
84 342
214 178
275 544
82 401
364 668
76 656
476 633
28 395
132 266
132 95
166 57
355 166
240 559
302 353
46 355
484 402
77 635
56 53
245 573
254 724
387 19
162 57
346 464
171 147
280 405
262 690
78 636
86 698
256 430
402 12
163 344
289 116
452 697
322 223
352 415
460 345
374 695
473 168
302 508
378 75
361 600
440 253
64 19
124 534
225 107
129 700
309 46
178 434
341 510
42 572
209 702
471 11
242 482
21 443
356 203
361 1
27 321
256 137
162 626
447 106
251 532
41 542
230 319
120 194
334 468
461 292
239 363
98 23
229 488
265 93
468 474
343 173
332 324
362 151
435 511
461 228
266 738
464 697
428 143
175 489
310 198
462 730
21 544
251 459
462 295
355 732
266 186
354 140
390 398
330 87
185 348
479 65
332 197
92 609
468 312
251 569
141 293
85 4
166 495
71 579
426 69
291 574
5 413
44 433
284 459
45 242
246 90
445 96
224 29
483 111
239 238
218 475
220 71
277 461
5 291
38 271
124 10
282 489
262 609
380 195
386 497
54 552
393 369
279 4
343 604
19 638
143 296
300 419
147 635
384 682
419 334
426 487
348 266
294 335
266 412
346 222
295 61
432 368
73 585
33 707
20 318
244 134
354 202
292 60
20 24
318 342
331 325
143 49
465 695
236 398
431 61
483 541
365 179
186 581
288 697
119 243
300 320
87 161
122 174
414 394
182 673
362 120
122 412
272 143
26 629
138 363
370 669
221 656
354 516
55 660
82 99
83 362
421 253
51 414
6 458
379 335
196 525
140 505
312 63
388 430
355 367
126 647
198 202
73 169
32 86
194 121
136 678
471 602
285 279
421 176
78 353
397 283
302 238
450 461
55 152
66 49
216 2
167 594
310 622
68 257
257 143
316 565
283 8
347 667
233 192
230 595
244 551
125 528
11 667
299 612
279 374
428 631
424 526
254 683
1 326
416 677
325 739
184 41
345 455
460 456
370 695
413 27
351 713
425 152
255 660
189 123
372 467
70 388
382 45
306 355
470 385
185 392
20 722
202 256
128 302
398 212
388 545
37 302
262 681
309 574
263 402
269 482
195 466
378 427
97 673
389 322
240 388
169 259
115 241
385 505
441 237
141 695
402 689
348 271
464 21
472 289
259 254
109 361
119 380
355 391
44 230
194 203
13 139
452 41
72 447
287 265
203 703
24 688
282 478
331 99
165 59
134 455
36 243
0 178
375 332
425 578
264 453
101 721
172 361
224 195
286 393
222 142
449 226
263 152
430 394
80 729
445 41
32 91
276 7
388 22
295 66
461 522
18 452
204 138
3 176
231 673
297 175
347 626
102 186
481 140
441 411
417 283
196 314
270 218
131 402
272 590
266 514
331 647
124 450
361 197
1 157
88 381
480 180
264 166
232 739
80 635
236 241
341 454
254 327
378 295
254 568
76 448
423 465
365 609
455 285
474 609
363 91
314 655
199 213
316 339
33 166
217 425
473 494
238 302
453 76
221 42
48 397
464 319
390 407
379 217
319 108
192 231
112 702
221 313
83 626
462 7
108 487
137 189
376 102
233 712
193 709
142 389
316 602
29 464
122 493
55 51
81 464
466 231
129 592
324 468
149 80
240 657
303 338
442 536
197 405
461 462
48 216
459 593
312 457
247 79
342 367
329 677
258 7
328 417
243 91
246 699
315 337
485 509
165 260
278 406
372 192
130 663
274 254
481 681
124 593
445 401
394 715
210 275
373 659
426 554
382 277
74 430
3 142
330 392
379 651
86 386
397 415
437 93
208 81
108 190
324 168
468 266
23 58
433 305
455 672
321 314
468 39
118 76
44 403
272 318
418 245
13 123
370 212
41 148
233 690
429 703
30 517
312 367
36 505
74 570
355 580
122 401
402 505
383 473
450 87
455 122
135 587
49 706
428 149
438 505
455 356
379 19
165 442
177 505
180 286
224 520
134 424
108 404
424 657
149 370
454 332
193 650
263 562
302 69
316 576
375 176
270 281
138 26
481 165
242 682
214 287
131 597
224 336
210 500
45 181
410 290
104 668
198 91
119 75
126 353
103 674
71 563
256 557
459 258
330 277
69 37
216 704
261 498
211 555
438 327
35 726
208 625
175 539
187 301
92 395
458 2
364 338
307 574
120 483
418 309
103 498
209 436
411 331
69 638
156 191
447 686
231 646
122 369
112 407
380 227
293 661
252 249
410 147
476 212
94 443
298 513
11 232
345 646
177 599
311 398
426 246
417 79
337 197
169 255
164 585
77 507
326 625
404 611
135 682
440 590
442 303
66 716
456 298
168 242
204 276
236 55
63 363
315 103
253 723
353 461
245 372
176 345
352 356
458 456
57 696
469 249
370 422
85 692
48 341
295 622
145 449
227 255
37 559
471 120
226 346
399 731
29 571
36 301
262 492
75 230
17 731
45 554
296 350
153 616
374 670
117 588
40 318
281 143
391 504
257 278
46 434
237 689
318 560
410 220
482 144
258 596
455 388
88 51
179 495
362 167
126 192
407 146
22 52
377 386
238 674
476 411
125 196
75 100
340 681
118 175
186 97
356 585
198 280
478 496
334 443
27 354
314 331
99 537
118 122
156 690
388 581
378 170
394 380
235 679
28 455
203 129
236 127
257 388
186 427
24 332
429 557
421 491
286 37
191 674
375 312
325 226
474 375
475 153
262 119
60 151
392 232
46 21
139 56
52 642
338 639
198 230
43 250
322 35
87 532
149 647
84 703
123 35
183 353
198 248
20 598
75 343
339 360
127 721
245 739
159 595
336 244
157 406
243 534
74 410
170 428
296 351
385 595
455 141
28 255
145 448
314 717
89 297
294 580
138 722
68 258
346 740
345 291
329 702
157 693
241 662
273 131
337 186
321 115
172 359
134 558
243 675
8 431
350 181
363 433
280 5
382 113
280 676
220 504
286 115
221 152
62 16
20 672
438 382
74 330
449 285
360 733
112 381
449 590
173 619
106 389
320 591
291 146
57 345
80 345
136 535
137 60
17 561
468 274
46 291
290 602
179 35
76 549
125 128
204 107
180 180
257 464
13 620
49 511
122 511
200 623
131 36
384 68
90 328
286 602
262 529
281 615
248 654
263 380
43 623
376 415
6 454
161 648
123 115
331 34
457 684
65 6
182 24
428 618
164 485
190 501
351 159
279 152
287 538
195 479
291 732
477 106
366 515
345 426
474 712
360 54
355 136
245 159
405 554
298 1
300 459
96 395
82 625
1 88
227 612
418 38
124 728
31 299
337 397
5 626
230 407
340 4
226 342
